-9.302325
124.418602
-5.813953
163.953491
0.000000
205.813950
11.627907
243.023254
33.720928
277.906982
62.790695
304.651154
100.000000
324.418610
137.209305
337.209290
177.906967
339.534882
212.790695
333.720917
239.534882
316.279053
259.302307
289.534882
274.418610
255.813950
282.558136
220.930222
287.209290
184.883713
286.046509
150.000000
281.395355
117.441856
41.860466
70.930229
61.627907
50.000000
90.697670
44.186047
119.767441
47.674419
146.511627
58.139534
193.023254
55.813953
216.279068
46.511627
239.534882
44.186047
261.627899
53.488373
270.930237
74.418602
170.930237
93.023254
175.581390
113.953484
180.232559
134.883713
186.046509
156.976746
144.186050
183.720932
162.790695
186.046509
180.232559
188.372086
195.348831
184.883713
210.465118
181.395340
72.093025
100.000000
87.209297
87.209297
106.976746
87.209297
124.418602
101.162788
108.139534
102.325577
88.372093
103.488373
202.325577
100.000000
217.441864
86.046509
236.046509
86.046509
248.837204
98.837204
237.209305
102.325577
220.930222
102.325577
120.930229
241.860458
143.023254
217.441864
163.953491
206.976746
181.395340
209.302322
198.837204
204.651154
218.604645
213.953491
229.069763
233.720932
219.767441
243.023254
202.325577
252.325577
183.720932
254.651154
165.116272
253.488373
143.023254
248.837204
131.395340
238.372086
163.953491
222.093018
181.395340
220.930222
200.000000
219.767441
222.093018
231.395340
201.162781
233.720932
182.558136
236.046509
163.953491
234.883713
