14.563107
109.708740
17.475729
144.660202
22.330097
180.582535
32.038837
213.592239
48.543690
244.660202
71.844666
270.873779
99.029129
293.203888
131.067963
307.766998
166.990295
310.679626
196.116516
303.883514
216.504868
284.466034
231.067963
258.252441
242.718460
228.155350
251.456314
198.058258
259.223297
167.961166
260.194183
136.893204
258.252441
107.766991
55.339806
77.669907
75.728157
65.048546
100.970879
65.048546
125.242722
70.873787
147.572815
80.582527
187.378647
79.611656
207.766998
69.902916
228.155350
64.077675
246.601944
66.990295
254.368942
83.495148
167.961166
109.708740
171.844666
133.009720
175.728165
154.368942
179.611649
177.669907
138.834961
191.262146
156.310684
194.174759
173.786407
198.058258
189.320389
193.203888
202.912628
188.349518
81.553398
108.737869
96.116508
100.000000
114.563110
100.970879
127.184471
113.592239
113.592239
116.504860
95.145638
116.504860
197.087387
114.563110
211.650497
101.941750
228.155350
100.000000
238.834961
109.708740
230.097092
117.475731
213.592239
117.475731
116.504860
233.980591
135.922333
218.446609
157.281555
211.650497
173.786407
214.563110
189.320389
209.708740
204.854370
215.533981
213.592239
230.097092
204.854370
239.805832
191.262146
247.572815
173.786407
251.456314
156.310684
251.456314
134.951462
245.631073
124.271851
233.009720
157.281555
225.242722
173.786407
225.242722
189.320389
223.300980
206.796127
229.126221
189.320389
230.097092
172.815536
233.009720
156.310684
233.009720
