-23.255814
75.581390
-17.441860
116.279068
-10.465117
156.976746
-1.162791
196.511627
16.279070
232.558136
41.860466
263.953491
72.093025
290.697662
108.139534
310.465118
150.000000
313.953491
187.209305
308.139526
215.116272
284.883728
238.372086
255.813950
255.813950
220.930222
267.441864
184.883713
274.418610
147.674423
279.069763
108.139534
277.906982
69.767441
13.953488
44.186047
36.046513
24.418604
65.116280
19.767441
95.348839
25.581394
124.418602
37.209301
168.604645
37.209301
194.186050
25.581394
223.255814
17.441860
250.000000
23.255814
266.279053
46.511627
146.511627
68.604652
148.837204
97.674416
152.325577
124.418602
154.651154
153.488373
113.953484
168.604645
132.558136
173.255814
151.162781
177.906967
169.767441
173.255814
187.209305
167.441864
46.511627
73.255814
63.953487
62.790695
84.883720
62.790695
101.162788
76.744186
82.558136
80.232559
62.790695
79.069763
188.372086
75.581390
204.651154
63.953487
223.255814
61.627907
239.534882
72.093025
225.581390
79.069763
206.976746
79.069763
87.209297
220.930222
108.139534
202.325577
131.395340
194.186050
152.325577
197.674408
169.767441
191.860458
189.534882
198.837204
203.488373
217.441864
189.534882
230.232559
172.093018
237.209305
152.325577
240.697678
130.232559
239.534882
108.139534
233.720932
96.511627
219.767441
131.395340
210.465118
152.325577
210.465118
170.930237
208.139526
196.511627
216.279068
170.930237
218.604645
152.325577
220.930222
130.232559
220.930222
