1.162791
69.767441
4.651163
111.627907
11.627907
150.000000
20.930233
188.372086
34.883720
224.418594
55.813953
255.813950
81.395348
282.558136
112.790695
303.488373
151.162781
310.465118
189.534882
308.139526
222.093018
290.697662
248.837204
263.953491
272.093018
231.395340
286.046509
194.186050
296.511627
154.651154
301.162781
111.627907
301.162781
69.767441
25.581394
40.697674
45.348835
22.093023
73.255814
16.279070
101.162788
22.093023
127.906975
31.395348
177.906967
30.232557
205.813950
19.767441
236.046509
13.953488
263.953491
20.930233
281.395355
45.348835
151.162781
66.279068
153.488373
95.348839
153.488373
122.093018
154.651154
150.000000
118.604652
166.279068
136.046509
169.767441
154.651154
174.418594
173.255814
169.767441
191.860458
165.116272
54.651161
70.930229
72.093025
59.302326
93.023254
60.465115
110.465111
75.581390
91.860466
76.744186
70.930229
75.581390
197.674408
74.418602
215.116272
60.465115
236.046509
59.302326
253.488373
68.604652
238.372086
75.581390
217.441864
75.581390
96.511627
217.441864
112.790695
200.000000
134.883713
190.697678
154.651154
194.186050
173.255814
188.372086
194.186050
195.348831
211.627899
216.279068
195.348831
227.906967
175.581390
237.209305
154.651154
240.697678
133.720932
238.372086
112.790695
230.232559
104.651161
217.441864
134.883713
205.813950
154.651154
205.813950
174.418594
203.488373
204.651154
213.953491
174.418594
218.604645
154.651154
220.930222
133.720932
219.767441
