22.330097
100.000000
24.271845
130.097092
27.184467
160.194183
33.009708
190.291275
43.689323
220.388351
56.310680
247.572815
75.728157
272.815552
97.087379
291.262146
127.184471
299.029144
161.165054
300.000000
191.262146
290.291260
219.417480
270.873779
243.689331
244.660202
259.223297
214.563110
269.902924
181.553406
275.728149
144.660202
277.669922
108.737869
41.747574
66.019417
56.310680
55.339806
74.757286
55.339806
95.145638
60.194176
113.592239
67.961166
156.310684
66.990295
181.553406
57.281555
207.766998
53.398060
233.009720
59.223301
250.485443
79.611656
133.980591
97.087379
133.009720
120.388351
131.067963
142.718445
130.097092
165.048553
103.883499
179.611649
117.475731
183.495148
132.038834
187.378647
147.572815
183.495148
164.077667
179.611649
59.223301
100.000000
71.844666
90.291267
89.320389
90.291267
103.883499
102.912621
88.349518
104.854370
70.873787
104.854370
177.669907
104.854370
192.233017
92.233009
210.679611
91.262138
225.242722
101.941750
211.650497
107.766991
193.203888
106.796120
85.436897
225.242722
97.087379
208.737869
113.592239
200.000000
130.097092
203.883499
146.601944
199.029129
164.077667
204.854370
181.553406
224.271851
164.077667
232.038849
147.572815
237.864090
130.097092
239.805832
112.621361
239.805832
96.116508
233.980591
93.203888
224.271851
113.592239
213.592239
130.097092
213.592239
146.601944
212.621368
173.786407
222.330109
146.601944
220.388351
130.097092
222.330109
112.621361
221.359222
