44.660194
97.087379
43.689323
125.242722
44.660194
155.339813
48.543690
185.436905
58.252430
215.533981
73.786407
242.718460
92.233009
268.932037
114.563110
292.233032
146.601944
301.941742
183.495148
302.912628
216.504868
291.262146
246.601944
270.873779
272.815552
242.718460
289.320404
212.621368
298.058258
178.640778
302.912628
141.747574
303.883514
105.825249
65.048546
64.077675
78.640778
51.456310
97.087379
52.427185
116.504860
58.252430
135.922333
65.048546
171.844666
64.077675
197.087387
54.368935
225.242722
49.514565
252.427185
56.310680
271.844666
74.757286
152.427185
93.203888
150.485443
115.533981
148.543686
136.893204
146.601944
159.223312
121.359230
176.699036
134.951462
180.582535
150.485443
184.466019
166.019424
180.582535
182.524277
176.699036
82.524277
96.116508
95.145638
87.378647
111.650490
87.378647
125.242722
99.029129
109.708740
101.941750
94.174759
100.970879
194.174759
100.970879
209.708740
91.262138
228.155350
90.291267
243.689331
100.000000
229.126221
104.854370
210.679611
104.854370
107.766991
220.388351
118.446602
203.883499
133.980591
197.087387
148.543686
200.000000
165.048553
196.116516
185.436905
203.883499
202.912628
223.300980
184.466019
231.067963
165.048553
236.893204
147.572815
237.864090
132.038834
236.893204
117.475731
231.067963
113.592239
219.417480
133.980591
210.679611
148.543686
211.650497
165.048553
210.679611
195.145630
220.388351
164.077667
219.417480
147.572815
221.359222
133.009720
220.388351
