48.543690
102.912621
47.572819
131.067963
49.514565
159.223312
52.427185
188.349518
61.165051
218.446609
73.786407
245.631073
90.291267
269.902924
110.679611
291.262146
140.776703
300.970886
176.699036
303.883514
212.621368
291.262146
242.718460
270.873779
268.932037
242.718460
286.407776
211.650497
296.116516
177.669907
299.029144
140.776703
301.941742
102.912621
60.194176
66.990295
70.873787
52.427185
89.320389
51.456310
107.766991
56.310680
127.184471
63.106796
166.019424
62.135925
192.233017
52.427185
219.417480
49.514565
247.572815
58.252430
266.990295
78.640778
143.689331
90.291267
142.718445
114.563110
139.805832
136.893204
137.864075
159.223312
116.504860
175.728165
128.155350
179.611649
142.718445
183.495148
159.223312
178.640778
175.728165
175.728165
76.699028
96.116508
88.349518
85.436897
105.825249
85.436897
119.417480
98.058258
104.854370
100.000000
88.349518
100.000000
190.291275
100.000000
205.825241
89.320389
224.271851
89.320389
239.805832
99.029129
225.242722
103.883499
206.796127
103.883499
101.941750
219.417480
111.650490
203.883499
126.213593
196.116516
141.747574
199.029129
159.223312
195.145630
179.611649
202.912628
198.058258
224.271851
177.669907
230.097092
158.252426
233.980591
140.776703
234.951462
123.300972
233.980591
109.708740
228.155350
108.737869
218.446609
126.213593
209.708740
141.747574
210.679611
159.223312
209.708740
189.320389
221.359222
157.281555
217.475739
139.805832
217.475739
124.271851
216.504868
