43.689323
100.000000
41.747574
126.213593
41.747574
154.368942
43.689323
181.553406
49.514565
212.621368
60.194176
240.776703
77.669907
266.019440
98.058258
288.349518
128.155350
299.029144
166.019424
301.941742
201.941757
292.233032
234.951462
271.844666
262.135925
244.660202
280.582520
214.563110
291.262146
178.640778
296.116516
141.747574
298.058258
104.854370
52.427185
62.135925
64.077675
51.456310
80.582527
50.485439
99.029129
56.310680
115.533981
63.106796
153.398056
61.165051
179.611649
51.456310
208.737869
47.572819
236.893204
55.339806
257.281555
75.728157
132.038834
89.320389
130.097092
112.621361
126.213593
134.951462
123.300972
157.281555
103.883499
173.786407
114.563110
177.669907
129.126221
181.553406
144.660202
178.640778
162.135925
175.728165
67.961166
96.116508
79.611656
87.378647
96.116508
86.407768
109.708740
99.029129
95.145638
101.941750
78.640778
100.970879
178.640778
100.000000
195.145630
88.349518
213.592239
88.349518
229.126221
99.029129
214.563110
103.883499
195.145630
102.912621
91.262138
219.417480
99.029129
200.970886
112.621361
194.174759
127.184471
197.087387
143.689331
193.203888
165.048553
201.941757
185.436905
224.271851
165.048553
230.097092
144.660202
233.980591
127.184471
234.951462
111.650490
233.980591
99.029129
228.155350
98.058258
217.475739
112.621361
207.766998
128.155350
208.737869
143.689331
207.766998
177.669907
221.359222
143.689331
216.504868
127.184471
216.504868
111.650490
215.533981
