48.543690
100.970879
44.660194
125.242722
43.689323
153.398056
45.631069
180.582535
50.485439
209.708740
59.223301
238.834961
72.815536
265.048553
90.291267
287.378662
119.417480
298.058258
157.281555
300.970886
194.174759
292.233032
227.184479
274.757294
255.339813
249.514572
275.728149
218.446609
290.291260
184.466019
297.087372
147.572815
300.000000
109.708740
52.427185
61.165051
61.165051
49.514565
76.699028
49.514565
93.203888
55.339806
109.708740
62.135925
148.543686
60.194176
176.699036
51.456310
206.796127
48.543690
233.980591
57.281555
255.339813
75.728157
126.213593
90.291267
122.330101
113.592239
117.475731
134.951462
112.621361
157.281555
94.174759
173.786407
105.825249
178.640778
119.417480
182.524277
137.864075
179.611649
156.310684
175.728165
65.048546
96.116508
76.699028
85.436897
94.174759
86.407768
109.708740
100.000000
93.203888
102.912621
75.728157
101.941750
172.815536
100.970879
189.320389
88.349518
209.708740
88.349518
225.242722
100.000000
209.708740
105.825249
189.320389
104.854370
85.436897
218.446609
92.233009
200.970886
104.854370
194.174759
119.417480
197.087387
135.922333
193.203888
156.310684
202.912628
176.699036
225.242722
154.368942
230.097092
134.951462
233.009720
118.446602
233.980591
102.912621
233.009720
92.233009
226.213593
91.262138
216.504868
105.825249
208.737869
119.417480
208.737869
135.922333
208.737869
168.932037
221.359222
134.951462
216.504868
118.446602
216.504868
103.883499
214.563110
