42.718449
103.883499
42.718449
132.038834
44.660194
162.135925
49.514565
192.233017
59.223301
222.330109
72.815536
248.543701
90.291267
272.815552
111.650490
294.174774
142.718445
301.941742
180.582535
301.941742
214.563110
289.320404
244.660202
268.932037
269.902924
241.747574
286.407776
211.650497
296.116516
177.669907
300.000000
140.776703
300.970886
105.825249
55.339806
60.194176
67.961166
48.543690
85.436897
47.572819
104.854370
52.427185
124.271851
59.223301
166.019424
59.223301
191.262146
50.485439
218.446609
47.572819
245.631073
55.339806
266.019440
74.757286
142.718445
89.320389
141.747574
112.621361
139.805832
133.980591
137.864075
156.310684
113.592239
173.786407
126.213593
177.669907
141.747574
181.553406
157.281555
178.640778
174.757294
175.728165
74.757286
94.174759
86.407768
85.436897
102.912621
85.436897
115.533981
98.058258
101.941750
100.000000
85.436897
99.029129
189.320389
100.000000
204.854370
90.291267
223.300980
89.320389
237.864090
99.029129
223.300980
104.854370
205.825241
103.883499
100.000000
219.417480
109.708740
201.941757
124.271851
194.174759
139.805832
197.087387
156.310684
193.203888
176.699036
200.970886
194.174759
222.330109
175.728165
227.184479
156.310684
233.009720
139.805832
234.951462
123.300972
233.009720
108.737869
227.184479
105.825249
217.475739
124.271851
208.737869
139.805832
208.737869
157.281555
208.737869
187.378647
219.417480
155.339813
215.533981
138.834961
216.504868
123.300972
215.533981
