24.271845
98.058258
25.242720
130.097092
29.126215
163.106796
35.922333
195.145630
47.572819
226.213593
66.019417
253.398071
87.378647
276.699036
110.679611
295.145630
143.689331
300.970886
177.669907
299.029144
207.766998
285.436890
232.038849
264.077667
252.427185
235.922333
266.019440
205.825241
273.786407
172.815536
277.669922
136.893204
278.640778
101.941750
48.543690
59.223301
64.077675
46.601944
85.436897
45.631069
106.796120
51.456310
127.184471
60.194176
167.961166
61.165051
190.291275
51.456310
215.533981
46.601944
239.805832
53.398060
255.339813
72.815536
146.601944
89.320389
147.572815
111.650490
147.572815
132.038834
147.572815
154.368942
117.475731
171.844666
132.038834
175.728165
147.572815
179.611649
162.135925
175.728165
177.669907
171.844666
67.961166
92.233009
81.553398
81.553398
99.029129
82.524277
114.563110
95.145638
98.058258
98.058258
80.582527
97.087379
185.436905
98.058258
200.000000
85.436897
218.446609
85.436897
233.009720
95.145638
219.417480
100.970879
200.970886
100.970879
96.116508
217.475739
111.650490
201.941757
130.097092
194.174759
145.631073
197.087387
160.194183
192.233017
178.640778
199.029129
195.145630
217.475739
178.640778
227.184479
161.165054
233.980591
145.631073
236.893204
128.155350
235.922333
110.679611
230.097092
103.883499
217.475739
129.126221
207.766998
145.631073
207.766998
160.194183
206.796127
188.349518
215.533981
160.194183
218.446609
144.660202
220.388351
128.155350
219.417480
