-12.790697
126.744186
-8.139535
165.116272
-3.488372
205.813950
9.302325
244.186035
29.069767
279.069763
59.302326
306.976746
97.674416
326.744171
137.209305
339.534882
179.069763
340.697662
215.116272
334.883728
239.534882
317.441864
259.302307
288.372101
273.255798
254.651154
281.395355
219.767441
286.046509
183.720932
283.720917
148.837204
277.906982
116.279068
40.697674
70.930229
60.465115
51.162788
88.372093
45.348835
116.279068
47.674419
144.186050
56.976742
187.209305
55.813953
211.627899
47.674419
234.883713
45.348835
255.813950
53.488373
263.953491
75.581390
168.604645
91.860466
174.418594
113.953484
180.232559
134.883713
186.046509
156.976746
143.023254
184.883713
161.627899
187.209305
180.232559
189.534882
194.186050
186.046509
209.302322
182.558136
70.930229
98.837204
87.209297
88.372093
105.813950
87.209297
122.093018
100.000000
106.976746
102.325577
87.209297
101.162788
196.511627
98.837204
211.627899
87.209297
230.232559
87.209297
241.860458
97.674416
230.232559
101.162788
213.953491
100.000000
120.930229
241.860458
141.860458
217.441864
163.953491
206.976746
181.395340
209.302322
198.837204
204.651154
215.116272
212.790695
224.418594
234.883713
216.279068
240.697678
201.162781
247.674408
182.558136
251.162781
163.953491
250.000000
143.023254
246.511627
131.395340
238.372086
163.953491
222.093018
181.395340
220.930222
198.837204
220.930222
217.441864
231.395340
198.837204
231.395340
181.395340
233.720932
163.953491
232.558136
