4.854369
100.970879
6.796117
135.922333
10.679612
170.873795
18.446602
203.883499
33.980583
233.009720
55.339806
259.223297
80.582527
279.611664
109.708740
295.145630
143.689331
299.029144
175.728165
297.087372
200.000000
282.524292
219.417480
259.223297
234.951462
230.097092
244.660202
199.029129
251.456314
166.990295
254.368942
134.951462
251.456314
103.883499
40.776699
64.077675
58.252430
48.543690
82.524277
45.631069
105.825249
51.456310
128.155350
60.194176
168.932037
61.165051
191.262146
53.398060
214.563110
49.514565
235.922333
56.310680
246.601944
76.699028
148.543686
92.233009
151.456314
114.563110
153.398056
135.922333
155.339813
157.281555
119.417480
173.786407
134.951462
177.669907
151.456314
181.553406
166.990295
177.669907
181.553406
173.786407
64.077675
93.203888
77.669907
85.436897
96.116508
85.436897
109.708740
96.116508
95.145638
100.000000
76.699028
99.029129
181.553406
98.058258
195.145630
88.349518
212.621368
88.349518
226.213593
98.058258
213.592239
102.912621
196.116516
101.941750
99.029129
221.359222
114.563110
201.941757
133.980591
194.174759
151.456314
197.087387
166.990295
193.203888
182.524277
200.000000
193.203888
217.475739
182.524277
228.155350
167.961166
235.922333
150.485443
237.864090
132.038834
236.893204
113.592239
231.067963
106.796120
218.446609
133.980591
207.766998
151.456314
208.737869
166.990295
207.766998
186.407776
215.533981
166.019424
216.504868
150.485443
218.446609
133.009720
217.475739
