-12.621360
95.145638
-11.650486
131.067963
-9.708738
166.990295
-1.941748
201.941757
15.533981
234.951462
41.747574
261.165070
72.815536
282.524292
104.854370
299.029144
138.834961
302.912628
167.961166
300.000000
188.349518
282.524292
203.883499
256.310699
216.504868
224.271851
226.213593
194.174759
233.980591
165.048553
236.893204
134.951462
233.980591
107.766991
38.834953
56.310680
60.194176
45.631069
84.466019
45.631069
106.796120
52.427185
128.155350
62.135925
169.902924
64.077675
188.349518
57.281555
206.796127
54.368935
223.300980
59.223301
231.067963
71.844666
149.514572
94.174759
152.427185
115.533981
155.339813
133.980591
159.223312
155.339813
118.446602
173.786407
134.951462
176.699036
151.456314
181.553406
165.048553
178.640778
177.669907
173.786407
62.135925
91.262138
76.699028
84.466019
94.174759
84.466019
106.796120
95.145638
92.233009
98.058258
75.728157
97.087379
171.844666
99.029129
186.407776
90.291267
202.912628
91.262138
213.592239
100.000000
202.912628
104.854370
187.378647
102.912621
94.174759
220.388351
113.592239
202.912628
134.951462
196.116516
149.514572
199.029129
163.106796
195.145630
176.699036
200.000000
185.436905
215.533981
177.669907
226.213593
165.048553
233.009720
150.485443
234.951462
134.951462
233.980591
113.592239
230.097092
102.912621
218.446609
134.951462
208.737869
149.514572
208.737869
163.106796
206.796127
179.611649
213.592239
163.106796
216.504868
149.514572
218.446609
134.951462
217.475739
