-1.941748
95.145638
-0.970874
133.980591
2.912621
172.815536
11.650486
209.708740
30.097088
242.718460
59.223301
268.932037
92.233009
288.349518
130.097092
300.000000
165.048553
300.000000
190.291275
291.262146
200.970886
270.873779
211.650497
243.689331
220.388351
216.504868
226.213593
189.320389
233.980591
164.077667
235.922333
137.864075
233.980591
113.592239
60.194176
61.165051
87.378647
48.543690
116.504860
46.601944
144.660202
54.368935
167.961166
67.961166
196.116516
71.844666
210.679611
64.077675
227.184479
59.223301
239.805832
60.194176
245.631073
72.815536
182.524277
97.087379
187.378647
118.446602
193.203888
137.864075
199.029129
158.252426
154.368942
178.640778
171.844666
181.553406
188.349518
185.436905
200.000000
183.495148
210.679611
177.669907
85.436897
91.262138
104.854370
86.407768
124.271851
87.378647
137.864075
99.029129
122.330101
100.970879
102.912621
100.000000
194.174759
102.912621
208.737869
94.174759
224.271851
95.145638
232.038849
102.912621
224.271851
107.766991
209.708740
106.796120
127.184471
223.300980
153.398056
210.679611
174.757294
202.912628
186.407776
206.796127
196.116516
202.912628
204.854370
208.737869
207.766998
219.417480
201.941757
224.271851
195.145630
229.126221
183.495148
232.038849
169.902924
232.038849
151.456314
230.097092
134.951462
222.330109
172.815536
212.621368
185.436905
213.592239
196.116516
212.621368
201.941757
218.446609
195.145630
215.533981
184.466019
217.475739
171.844666
217.475739
