-45.348835
103.488373
-45.348835
148.837204
-43.023254
195.348831
-33.720928
238.372086
-10.465117
277.906982
26.744186
305.813934
70.930229
325.581390
116.279068
339.534882
160.465118
340.697662
190.697678
331.395355
206.976746
305.813934
222.093018
277.906982
236.046509
247.674408
244.186035
215.116272
252.325577
183.720932
252.325577
153.488373
248.837204
125.581390
36.046513
59.302326
65.116280
43.023254
98.837204
38.372093
131.395340
46.511627
159.302322
60.465115
200.000000
65.116280
217.441864
55.813953
233.720932
51.162788
248.837204
54.651161
254.651154
69.767441
177.906967
97.674416
183.720932
123.255814
191.860458
147.674423
198.837204
173.255814
147.674423
196.511627
166.279068
200.000000
184.883713
204.651154
198.837204
201.162781
210.465118
194.186050
69.767441
97.674416
90.697670
89.534882
110.465111
89.534882
126.744186
103.488373
109.302322
105.813950
89.534882
104.651161
195.348831
106.976746
212.790695
96.511627
231.395340
97.674416
241.860458
108.139534
230.232559
112.790695
213.953491
111.627907
106.976746
241.860458
141.860458
230.232559
169.767441
223.255814
182.558136
226.744186
193.023254
222.093018
204.651154
226.744186
211.627899
238.372086
203.488373
247.674408
191.860458
255.813950
180.232559
258.139526
166.279068
259.302307
140.697678
256.976746
117.441856
241.860458
167.441864
236.046509
181.395340
236.046509
193.023254
233.720932
204.651154
237.209305
191.860458
237.209305
181.395340
240.697678
167.441864
240.697678
