-45.348835
90.697670
-44.186047
139.534882
-41.860466
187.209305
-31.395348
232.558136
-6.976744
272.093018
30.232557
303.488373
73.255814
326.744171
116.279068
341.860474
158.139526
345.348846
189.534882
336.046509
206.976746
310.465118
219.767441
279.069763
232.558136
246.511627
241.860458
213.953491
250.000000
180.232559
250.000000
145.348831
245.348831
115.116280
33.720928
56.976742
62.790695
40.697674
97.674416
37.209301
130.232559
45.348835
158.139526
61.627907
195.348831
65.116280
212.790695
54.651161
231.395340
48.837208
248.837204
53.488373
255.813950
68.604652
177.906967
97.674416
183.720932
124.418602
190.697678
147.674423
196.511627
173.255814
144.186050
195.348831
165.116272
200.000000
183.720932
203.488373
198.837204
200.000000
211.627899
194.186050
69.767441
91.860466
89.534882
84.883720
110.465111
87.209297
125.581390
101.162788
108.139534
102.325577
87.209297
100.000000
194.186050
105.813950
210.465118
93.023254
229.069763
94.186043
240.697678
104.651161
230.232559
109.302322
212.790695
109.302322
106.976746
239.534882
141.860458
230.232559
167.441864
223.255814
180.232559
227.906967
190.697678
223.255814
200.000000
229.069763
206.976746
238.372086
198.837204
250.000000
189.534882
258.139526
179.069763
261.627899
163.953491
260.465118
139.534882
255.813950
116.279068
239.534882
166.279068
237.209305
180.232559
237.209305
190.697678
236.046509
200.000000
237.209305
189.534882
237.209305
179.069763
240.697678
165.116272
239.534882
