2.912621
90.291267
2.912621
129.126221
4.854369
168.932037
12.621360
205.825241
31.067963
237.864090
62.135925
265.048553
99.029129
285.436890
134.951462
300.000000
170.873795
301.941742
199.029129
296.116516
214.563110
277.669922
225.242722
251.456314
234.951462
222.330109
243.689331
194.174759
251.456314
166.990295
252.427185
138.834961
248.543701
112.621361
66.990295
62.135925
90.291267
49.514565
117.475731
46.601944
143.689331
52.427185
166.990295
63.106796
200.970886
66.990295
215.533981
60.194176
232.038849
55.339806
245.631073
58.252430
252.427185
69.902916
184.466019
96.116508
188.349518
116.504860
194.174759
136.893204
200.000000
157.281555
158.252426
177.669907
174.757294
180.582535
189.320389
183.495148
200.970886
181.553406
210.679611
176.699036
92.233009
93.203888
108.737869
86.407768
128.155350
86.407768
140.776703
99.029129
126.213593
101.941750
106.796120
100.970879
200.970886
102.912621
216.504868
92.233009
233.980591
93.203888
243.689331
102.912621
233.980591
108.737869
217.475739
107.766991
133.980591
225.242722
157.281555
207.766998
176.699036
198.058258
187.378647
201.941757
198.058258
198.058258
205.825241
206.796127
208.737869
225.242722
203.883499
229.126221
197.087387
232.038849
186.407776
233.980591
173.786407
233.009720
155.339813
232.038849
143.689331
223.300980
175.728165
213.592239
187.378647
213.592239
197.087387
213.592239
203.883499
222.330109
196.116516
213.592239
186.407776
214.563110
174.757294
214.563110
