-4.854369
98.058258
-3.883495
135.922333
0.000000
172.815536
9.708738
208.737869
30.097088
239.805832
60.194176
264.077667
94.174759
284.466034
130.097092
297.087372
165.048553
299.029144
194.174759
294.174774
208.737869
275.728149
220.388351
247.572815
230.097092
219.417480
237.864090
190.291275
245.631073
162.135925
246.601944
132.038834
242.718460
105.825249
61.165051
61.165051
82.524277
49.514565
107.766991
47.572819
132.038834
53.398060
154.368942
63.106796
190.291275
64.077675
204.854370
56.310680
220.388351
51.456310
233.980591
54.368935
239.805832
65.048546
174.757294
93.203888
179.611649
113.592239
185.436905
132.038834
191.262146
152.427185
150.485443
174.757294
166.019424
177.669907
180.582535
179.611649
193.203888
176.699036
202.912628
171.844666
87.378647
93.203888
101.941750
86.407768
118.446602
87.378647
130.097092
97.087379
118.446602
99.029129
101.941750
99.029129
190.291275
98.058258
202.912628
89.320389
218.446609
89.320389
227.184479
97.087379
218.446609
101.941750
204.854370
101.941750
123.300972
223.300980
145.631073
202.912628
166.019424
194.174759
179.611649
197.087387
192.233017
193.203888
202.912628
200.000000
205.825241
216.504868
202.912628
222.330109
193.203888
229.126221
180.582535
232.038849
165.048553
231.067963
145.631073
230.097092
131.067963
221.359222
166.019424
209.708740
179.611649
209.708740
192.233017
207.766998
201.941757
214.563110
192.233017
212.621368
179.611649
214.563110
166.019424
214.563110
