-38.372093
98.837204
-36.046513
141.860458
-30.232557
187.209305
-16.279070
229.069763
6.976744
266.279053
41.860466
297.674408
81.395348
319.767426
124.418602
334.883728
167.441864
336.046509
201.162781
326.744171
222.093018
303.488373
236.046509
270.930237
247.674408
234.883713
254.651154
198.837204
261.627899
163.953491
261.627899
129.069763
254.651154
96.511627
24.418604
52.325581
51.162788
37.209301
82.558136
33.720928
111.627907
38.372093
138.372086
48.837208
184.883713
47.674419
204.651154
39.534882
224.418594
33.720928
243.023254
38.372093
253.488373
52.325581
163.953491
87.209297
169.767441
110.465111
175.581390
132.558136
182.558136
156.976746
138.372086
184.883713
156.976746
187.209305
174.418594
190.697678
188.372086
186.046509
202.325577
180.232559
56.976742
90.697670
75.581390
81.395348
96.511627
80.232559
113.953484
93.023254
95.348839
96.511627
75.581390
96.511627
187.209305
94.186043
203.488373
79.069763
223.255814
79.069763
236.046509
89.534882
224.418594
95.348839
206.976746
95.348839
109.302322
243.023254
134.883713
220.930222
160.465118
208.139526
176.744186
211.627899
191.860458
205.813950
208.139526
215.116272
216.279068
234.883713
209.302322
245.348831
194.186050
254.651154
177.906967
256.976746
160.465118
256.976746
134.883713
253.488373
119.767441
241.860458
159.302322
227.906967
176.744186
227.906967
191.860458
226.744186
209.302322
233.720932
191.860458
231.395340
176.744186
233.720932
159.302322
234.883713
