-44.186047
98.837204
-40.697674
143.023254
-34.883720
187.209305
-22.093023
229.069763
2.325581
267.441864
36.046513
297.674408
76.744186
319.767426
119.767441
333.720917
162.790695
333.720917
197.674408
325.581390
217.441864
302.325562
230.232559
268.604645
240.697678
232.558136
247.674408
196.511627
254.651154
161.627899
254.651154
127.906975
247.674408
95.348839
18.604650
58.139534
40.697674
38.372093
72.093025
32.558140
102.325577
38.372093
131.395340
50.000000
173.255814
50.000000
194.186050
39.534882
215.116272
32.558140
236.046509
36.046513
246.511627
53.488373
154.651154
84.883720
160.465118
109.302322
166.279068
132.558136
173.255814
155.813950
129.069763
183.720932
148.837204
184.883713
166.279068
187.209305
181.395340
183.720932
195.348831
177.906967
48.837208
89.534882
66.279068
80.232559
86.046509
79.069763
105.813950
91.860466
86.046509
95.348839
66.279068
96.511627
179.069763
90.697670
196.511627
76.744186
215.116272
76.744186
229.069763
86.046509
216.279068
91.860466
197.674408
93.023254
102.325577
241.860458
125.581390
218.604645
150.000000
206.976746
167.441864
210.465118
182.558136
204.651154
200.000000
212.790695
209.302322
231.395340
201.162781
241.860458
187.209305
251.162781
170.930237
253.488373
151.162781
253.488373
127.906975
250.000000
113.953484
239.534882
150.000000
226.744186
167.441864
225.581390
183.720932
224.418594
202.325577
230.232559
184.883713
226.744186
168.604645
229.069763
151.162781
230.232559
