9.677420
133.548386
13.548388
169.354843
19.354839
205.161301
30.967743
238.064529
49.354839
268.064514
75.483871
293.225830
107.419357
312.580658
143.225815
325.161285
179.032257
325.161285
208.064529
319.354858
226.451614
300.000000
239.032272
272.903229
247.741943
241.935486
253.548401
212.903229
259.354858
182.903229
259.354858
152.903229
253.548401
125.806458
59.032261
88.064522
78.387100
76.451614
101.612907
74.516129
124.838715
78.387100
146.129044
85.161293
186.774200
85.161293
205.161301
77.419357
223.548401
72.580650
240.967743
75.483871
250.645172
87.096779
169.354843
119.032265
175.161301
137.419357
180.000000
154.838715
185.806458
173.225815
149.032257
196.451614
165.483871
198.387100
180.000000
201.290329
192.580658
197.419357
203.225815
192.580658
84.193550
123.870972
96.774193
115.161293
114.193550
114.193550
129.677429
123.870972
115.161293
127.741936
97.741936
128.709686
193.548386
122.903229
208.064529
112.258064
224.516129
112.258064
235.161301
120.967743
226.451614
125.806458
210.000000
126.774200
128.709686
246.774200
147.096771
225.483871
165.483871
215.806458
180.967743
218.709686
194.516129
214.838715
209.032257
221.612915
216.774200
239.032272
210.000000
246.774200
197.419357
252.580658
182.903229
254.516144
166.451614
254.516144
147.096771
252.580658
136.451614
244.838715
165.483871
233.225815
180.967743
232.258072
194.516129
231.290329
210.967743
237.096786
194.516129
233.225815
180.967743
235.161301
165.483871
235.161301
