-10.465117
125.581390
-6.976744
165.116272
-1.162791
206.976746
10.465117
246.511627
30.232557
281.395355
60.465115
309.302307
96.511627
329.069763
136.046509
340.697662
176.744186
343.023254
212.790695
338.372101
238.372086
320.930237
255.813950
293.023254
270.930237
259.302307
280.232544
224.418594
284.883728
187.209305
283.720917
151.162781
277.906982
117.441856
43.023254
68.604652
63.953487
52.325581
89.534882
46.511627
117.441856
50.000000
143.023254
58.139534
191.860458
56.976742
215.116272
48.837208
238.372086
46.511627
260.465118
55.813953
267.441864
76.744186
170.930237
94.186043
175.581390
115.116280
180.232559
136.046509
186.046509
158.139526
144.186050
188.372086
162.790695
190.697678
181.395340
193.023254
196.511627
189.534882
211.627899
186.046509
69.767441
103.488373
86.046509
94.186043
105.813950
93.023254
123.255814
104.651161
105.813950
106.976746
87.209297
108.139534
202.325577
105.813950
219.767441
95.348839
237.209305
95.348839
250.000000
105.813950
238.372086
109.302322
220.930222
108.139534
122.093018
241.860458
144.186050
217.441864
166.279068
208.139526
183.720932
211.627899
201.162781
206.976746
219.767441
215.116272
230.232559
237.209305
218.604645
243.023254
203.488373
248.837204
184.883713
251.162781
166.279068
250.000000
145.348831
246.511627
131.395340
239.534882
166.279068
224.418594
183.720932
224.418594
201.162781
223.255814
222.093018
234.883713
202.325577
231.395340
183.720932
232.558136
166.279068
232.558136
