7.741936
127.741936
10.645162
160.645172
15.483871
193.548386
25.161291
226.451614
41.612904
256.451630
66.774193
280.645172
98.709679
299.032257
132.580643
311.612915
168.387100
313.548401
199.354843
309.677429
220.645172
293.225830
235.161301
268.064514
244.838715
237.096786
250.645172
206.129044
256.451630
176.129044
257.419373
146.129044
251.612915
119.032265
57.096775
78.387100
75.483871
65.806450
98.709679
63.870968
120.967743
67.741936
141.290329
76.451614
179.032257
75.483871
197.419357
67.741936
217.741943
63.870968
235.161301
67.741936
243.870972
83.225807
164.516129
105.483871
167.419357
122.903229
172.258072
140.322586
176.129044
158.709686
141.290329
182.903229
156.774200
185.806458
171.290329
187.741943
184.838715
184.838715
196.451614
181.935486
77.419357
110.322586
90.967743
102.580650
107.419357
102.580650
122.903229
112.258064
108.387100
115.161293
91.935486
115.161293
190.645172
113.225807
205.161301
104.516129
219.677429
104.516129
229.354843
112.258064
220.645172
116.129036
207.096786
116.129036
121.935486
232.258072
139.354843
210.967743
159.677429
201.290329
174.193558
204.193558
188.709686
201.290329
204.193558
209.032257
213.870972
228.387100
203.225815
236.129044
190.645172
240.000000
174.193558
240.967743
158.709686
240.967743
140.322586
237.096786
130.645172
229.354843
159.677429
218.709686
173.225815
217.741943
188.709686
217.741943
207.096786
226.451614
188.709686
222.580658
174.193558
222.580658
159.677429
222.580658
