6.774194
121.935486
10.645162
154.838715
14.516129
189.677429
24.193548
223.548401
39.677422
253.548401
63.870968
277.741943
95.806458
294.193542
129.677429
303.870972
164.516129
304.838715
194.516129
302.903229
217.741943
291.290344
234.193558
269.032257
245.806458
239.032272
252.580658
208.064529
256.451630
178.064514
255.483871
148.064514
250.645172
120.000000
55.161293
76.451614
72.580650
59.032261
96.774193
54.193550
121.935486
59.032261
145.161301
67.741936
179.032257
68.709679
199.354843
60.967743
220.645172
57.096775
240.000000
64.838715
247.741943
84.193550
164.516129
97.741936
168.387100
114.193550
173.225815
129.677429
177.096786
147.096771
140.322586
175.161301
156.774200
176.129044
172.258072
179.032257
183.870972
177.096786
195.483871
174.193558
78.387100
104.516129
91.935486
94.838715
109.354843
94.838715
124.838715
105.483871
109.354843
107.419357
92.903229
108.387100
189.677429
108.387100
204.193558
98.709679
220.645172
98.709679
231.290329
108.387100
221.612915
111.290329
206.129044
110.322586
120.967743
225.483871
139.354843
201.290329
157.741943
192.580658
174.193558
195.483871
188.709686
191.612915
203.225815
200.322586
211.935486
220.645172
203.225815
223.548401
191.612915
227.419357
175.161301
229.354843
158.709686
228.387100
140.322586
227.419357
128.709686
221.612915
157.741943
210.000000
173.225815
209.032257
188.709686
209.032257
206.129044
217.741943
189.677429
210.000000
174.193558
210.967743
158.709686
210.967743
