8.709678
124.838715
11.612904
157.741943
17.419355
191.612915
27.096775
224.516129
42.580647
253.548401
67.741936
277.741943
100.645164
294.193542
135.483871
304.838715
171.290329
305.806458
201.290329
301.935486
222.580658
289.354858
236.129044
266.129028
244.838715
236.129044
250.645172
206.129044
254.516144
177.096786
253.548401
146.129044
247.741943
119.032265
56.129032
75.483871
74.516129
59.032261
98.709679
55.161293
122.903229
60.000000
145.161301
69.677422
180.000000
69.677422
198.387100
60.967743
217.741943
59.032261
235.161301
65.806450
240.967743
84.193550
165.483871
95.806458
170.322586
112.258064
175.161301
127.741936
180.967743
145.161301
142.258072
174.193558
159.677429
176.129044
175.161301
178.064514
186.774200
175.161301
198.387100
173.225815
78.387100
102.580650
91.935486
93.870972
109.354843
93.870972
124.838715
104.516129
110.322586
107.419357
92.903229
107.419357
186.774200
107.419357
203.225815
97.741936
218.709686
98.709679
228.387100
108.387100
218.709686
111.290329
204.193558
110.322586
122.903229
224.516129
143.225815
201.290329
162.580643
191.612915
176.129044
194.516129
190.645172
191.612915
204.193558
200.322586
212.903229
219.677429
203.225815
220.645172
192.580658
223.548401
178.064514
225.483871
162.580643
224.516129
144.193558
225.483871
131.612900
220.645172
161.612915
209.032257
176.129044
208.064529
189.677429
208.064529
207.096786
216.774200
190.645172
207.096786
177.096786
208.064529
162.580643
208.064529
