9.677420
120.000000
13.548388
153.870972
17.419355
188.709686
25.161291
221.612915
40.645161
253.548401
64.838715
278.709686
97.741936
296.129028
132.580643
306.774200
168.387100
307.741943
199.354843
303.870972
220.645172
290.322601
236.129044
266.129028
246.774200
235.161301
253.548401
204.193558
258.387115
174.193558
258.387115
145.161301
254.516144
118.064522
60.000000
74.516129
78.387100
60.000000
101.612907
56.129032
124.838715
60.967743
146.129044
70.645164
181.935486
70.645164
201.290329
62.903229
221.612915
60.967743
240.000000
68.709679
246.774200
85.161293
167.419357
98.709679
170.322586
115.161293
174.193558
130.645172
178.064514
148.064514
142.258072
176.129044
158.709686
178.064514
174.193558
180.000000
186.774200
178.064514
198.387100
175.161301
81.290321
105.483871
94.838715
95.806458
112.258064
95.806458
126.774200
106.451614
112.258064
108.387100
94.838715
109.354843
191.612915
110.322586
207.096786
100.645164
223.548401
101.612907
234.193558
112.258064
223.548401
114.193550
208.064529
113.225807
120.967743
225.483871
143.225815
203.225815
162.580643
193.548386
176.129044
197.419357
188.709686
193.548386
202.258072
201.290329
210.967743
221.612915
202.258072
223.548401
190.645172
227.419357
177.096786
230.322586
161.612915
230.322586
142.258072
230.322586
129.677429
222.580658
161.612915
210.967743
175.161301
210.000000
188.709686
210.000000
204.193558
217.741943
188.709686
210.967743
176.129044
211.935486
161.612915
212.903229
