8.709678
122.903229
11.612904
155.806458
16.451612
191.612915
26.129032
225.483871
42.580647
255.483871
65.806450
280.645172
98.709679
297.096771
133.548386
307.741943
169.354843
307.741943
200.322586
303.870972
221.612915
289.354858
237.096786
263.225800
247.741943
232.258072
253.548401
202.258072
259.354858
172.258072
258.387115
143.225815
252.580658
117.096779
58.064518
75.483871
77.419357
60.967743
101.612907
56.129032
125.806458
60.000000
147.096771
69.677422
180.967743
70.645164
201.290329
62.903229
220.645172
60.967743
240.000000
67.741936
246.774200
85.161293
167.419357
97.741936
170.322586
114.193550
175.161301
129.677429
180.000000
147.096771
142.258072
176.129044
158.709686
178.064514
174.193558
180.967743
187.741943
177.096786
200.322586
173.225815
81.290321
104.516129
94.838715
96.774193
110.322586
96.774193
124.838715
105.483871
111.290329
107.419357
95.806458
108.387100
193.548386
108.387100
207.096786
99.677422
221.612915
100.645164
232.258072
108.387100
222.580658
110.322586
209.032257
110.322586
120.967743
225.483871
142.258072
204.193558
162.580643
193.548386
177.096786
197.419357
191.612915
192.580658
205.161301
201.290329
210.967743
219.677429
204.193558
222.580658
192.580658
227.419357
178.064514
230.322586
161.612915
230.322586
142.258072
229.354843
130.645172
222.580658
161.612915
210.000000
177.096786
209.032257
191.612915
209.032257
204.193558
216.774200
191.612915
210.967743
177.096786
212.903229
161.612915
213.870972
