9.677420
122.903229
11.612904
155.806458
15.483871
190.645172
25.161291
223.548401
40.645161
254.516144
66.774193
279.677429
99.677422
296.129028
136.451614
307.741943
173.225815
308.709686
203.225815
304.838715
222.580658
289.354858
236.129044
265.161285
245.806458
234.193558
251.612915
204.193558
255.483871
175.161301
254.516144
145.161301
248.709686
119.032265
58.064518
74.516129
78.387100
60.967743
102.580650
60.000000
126.774200
64.838715
147.096771
74.516129
181.935486
73.548386
201.290329
65.806450
220.645172
61.935486
238.064529
67.741936
245.806458
84.193550
166.451614
102.580650
170.322586
120.000000
175.161301
136.451614
180.967743
154.838715
142.258072
180.000000
159.677429
181.935486
175.161301
184.838715
187.741943
181.935486
199.354843
178.064514
81.290321
107.419357
94.838715
100.645164
111.290329
100.645164
124.838715
108.387100
111.290329
110.322586
95.806458
110.322586
190.645172
109.354843
205.161301
102.580650
219.677429
103.548393
228.387100
110.322586
219.677429
112.258064
206.129044
111.290329
121.935486
230.322586
142.258072
208.064529
162.580643
198.387100
176.129044
202.258072
190.645172
197.419357
205.161301
205.161301
212.903229
223.548401
205.161301
228.387100
192.580658
233.225815
178.064514
236.129044
162.580643
235.161301
142.258072
233.225815
130.645172
227.419357
161.612915
213.870972
176.129044
212.903229
190.645172
212.903229
207.096786
220.645172
191.612915
217.741943
177.096786
219.677429
162.580643
219.677429
