-17.441860
100.000000
-13.953488
143.023254
-6.976744
183.720932
5.813953
223.255814
26.744186
260.465118
58.139534
289.534882
96.511627
311.627899
137.209305
329.069763
180.232559
331.395355
216.279068
324.418610
237.209305
302.325562
253.488373
270.930237
265.116272
234.883713
273.255798
198.837204
279.069763
162.790695
279.069763
126.744186
273.255798
94.186043
37.209301
53.488373
59.302326
34.883720
89.534882
29.069767
117.441856
34.883720
145.348831
45.348835
191.860458
43.023254
215.116272
33.720928
238.372086
29.069767
260.465118
37.209301
268.604645
58.139534
170.930237
79.069763
175.581390
103.488373
181.395340
125.581390
187.209305
150.000000
143.023254
177.906967
162.790695
181.395340
181.395340
183.720932
196.511627
180.232559
209.302322
174.418594
69.767441
87.209297
86.046509
77.906975
105.813950
75.581390
122.093018
88.372093
106.976746
90.697670
86.046509
91.860466
197.674408
86.046509
215.116272
74.418602
233.720932
74.418602
245.348831
86.046509
234.883713
88.372093
216.279068
88.372093
120.930229
239.534882
141.860458
215.116272
165.116272
203.488373
181.395340
208.139526
198.837204
203.488373
216.279068
211.627899
226.744186
232.558136
216.279068
241.860458
202.325577
248.837204
183.720932
251.162781
166.279068
251.162781
144.186050
246.511627
130.232559
236.046509
165.116272
225.581390
181.395340
225.581390
198.837204
224.418594
218.604645
230.232559
198.837204
226.744186
182.558136
227.906967
165.116272
227.906967
