8.737864
97.087379
10.679612
133.980591
14.563107
169.902924
25.242720
202.912628
44.660194
234.951462
71.844666
261.165070
104.854370
282.524292
139.805832
299.029144
175.728165
300.970886
204.854370
293.203888
223.300980
272.815552
235.922333
245.631073
245.631073
212.621368
251.456314
180.582535
257.281555
149.514572
256.310699
119.417480
251.456314
90.291267
54.368935
59.223301
75.728157
48.543690
100.000000
47.572819
124.271851
52.427185
146.601944
62.135925
187.378647
62.135925
204.854370
53.398060
222.330109
48.543690
239.805832
50.485439
248.543701
63.106796
168.932037
94.174759
172.815536
113.592239
177.669907
132.038834
181.553406
151.456314
146.601944
175.728165
162.135925
177.669907
176.699036
179.611649
188.349518
176.699036
199.029129
172.815536
81.553398
96.116508
96.116508
89.320389
112.621361
89.320389
127.184471
97.087379
113.592239
100.970879
96.116508
100.970879
191.262146
96.116508
206.796127
88.349518
222.330109
88.349518
232.038849
95.145638
223.300980
100.000000
207.766998
100.000000
127.184471
225.242722
146.601944
207.766998
165.048553
200.000000
177.669907
202.912628
190.291275
199.029129
203.883499
205.825241
213.592239
220.388351
204.854370
230.097092
193.203888
235.922333
179.611649
237.864090
165.048553
237.864090
146.601944
233.980591
136.893204
223.300980
165.048553
216.504868
177.669907
216.504868
190.291275
216.504868
206.796127
219.417480
190.291275
217.475739
178.640778
218.446609
165.048553
217.475739
