7.766991
101.941750
10.679612
137.864075
16.504854
173.786407
28.155340
207.766998
45.631069
239.805832
73.786407
266.990295
105.825249
288.349518
138.834961
303.883514
173.786407
305.825256
201.941757
300.000000
220.388351
278.640778
233.980591
250.485443
244.660202
218.446609
251.456314
189.320389
257.281555
158.252426
256.310699
129.126221
252.427185
100.970879
51.456310
66.990295
72.815536
54.368935
98.058258
52.427185
124.271851
57.281555
147.572815
66.019417
189.320389
65.048546
208.737869
57.281555
227.184479
52.427185
244.660202
56.310680
254.368942
69.902916
169.902924
99.029129
173.786407
118.446602
178.640778
136.893204
183.495148
157.281555
147.572815
181.553406
163.106796
183.495148
176.699036
185.436905
188.349518
182.524277
198.058258
178.640778
81.553398
99.029129
96.116508
92.233009
114.563110
91.262138
128.155350
100.970879
113.592239
104.854370
96.116508
104.854370
193.203888
100.970879
207.766998
91.262138
224.271851
91.262138
234.951462
99.029129
225.242722
104.854370
209.708740
104.854370
126.213593
231.067963
145.631073
214.563110
164.077667
204.854370
177.669907
208.737869
189.320389
203.883499
203.883499
211.650497
212.621368
225.242722
203.883499
234.951462
192.233017
241.747574
178.640778
243.689331
165.048553
243.689331
146.601944
239.805832
134.951462
230.097092
164.077667
222.330109
177.669907
222.330109
190.291275
221.359222
206.796127
225.242722
190.291275
222.330109
177.669907
223.300980
165.048553
222.330109
