7.766991
100.970879
11.650486
136.893204
16.504854
172.815536
26.213593
205.825241
42.718449
236.893204
67.961166
264.077667
99.029129
285.436890
133.980591
301.941742
170.873795
304.854370
200.970886
299.029144
219.417480
278.640778
233.009720
252.427185
244.660202
220.388351
251.456314
190.291275
258.252441
158.252426
259.223297
128.155350
255.339813
99.029129
52.427185
67.961166
73.786407
55.339806
100.000000
52.427185
125.242722
57.281555
149.514572
66.990295
187.378647
67.961166
206.796127
59.223301
225.242722
53.398060
242.718460
56.310680
251.456314
69.902916
170.873795
98.058258
173.786407
119.417480
178.640778
137.864075
183.495148
158.252426
147.572815
182.524277
164.077667
183.495148
178.640778
186.407776
190.291275
182.524277
200.000000
178.640778
82.524277
99.029129
97.087379
93.203888
114.563110
92.233009
129.126221
101.941750
114.563110
104.854370
96.116508
104.854370
195.145630
101.941750
209.708740
92.233009
225.242722
92.233009
237.864090
100.000000
227.184479
104.854370
211.650497
104.854370
126.213593
231.067963
145.631073
212.621368
164.077667
203.883499
177.669907
208.737869
190.291275
202.912628
204.854370
210.679611
213.592239
225.242722
204.854370
235.922333
193.203888
242.718460
179.611649
244.660202
165.048553
243.689331
146.601944
239.805832
134.951462
229.126221
164.077667
222.330109
177.669907
222.330109
190.291275
221.359222
206.796127
225.242722
191.262146
221.359222
178.640778
223.300980
165.048553
222.330109
