12.580646
128.709686
17.419355
160.645172
21.290323
192.580658
29.032259
225.483871
44.516129
254.516144
69.677422
278.709686
100.645164
296.129028
133.548386
306.774200
168.387100
307.741943
199.354843
304.838715
219.677429
291.290344
235.161301
269.032257
245.806458
239.032272
253.548401
209.032257
259.354858
178.064514
258.387115
150.000000
253.548401
120.967743
59.032261
82.258064
75.483871
66.774193
98.709679
63.870968
122.903229
67.741936
145.161301
78.387100
179.032257
77.419357
197.419357
67.741936
217.741943
63.870968
237.096786
68.709679
245.806458
84.193550
164.516129
103.548393
168.387100
121.935486
172.258072
139.354843
177.096786
157.741943
141.290329
181.935486
157.741943
182.903229
173.225815
184.838715
185.806458
181.935486
198.387100
179.032257
79.354843
112.258064
93.870972
103.548393
109.354843
102.580650
123.870972
112.258064
110.322586
114.193550
94.838715
115.161293
191.612915
113.225807
205.161301
102.580650
221.612915
102.580650
231.290329
111.290329
221.612915
114.193550
207.096786
114.193550
122.903229
228.387100
141.290329
208.064529
160.645172
198.387100
174.193558
200.322586
187.741943
197.419357
202.258072
204.193558
210.000000
222.580658
201.290329
226.451614
189.677429
232.258072
174.193558
234.193558
159.677429
234.193558
141.290329
233.225815
130.645172
226.451614
159.677429
211.935486
173.225815
210.967743
187.741943
210.000000
205.161301
219.677429
187.741943
217.741943
173.225815
219.677429
159.677429
219.677429
