5.825243
100.970879
9.708738
138.834961
16.504854
175.728165
27.184467
208.737869
45.631069
239.805832
72.815536
265.048553
104.854370
286.407776
137.864075
300.970886
172.815536
302.912628
200.970886
297.087372
219.417480
275.728149
233.980591
250.485443
245.631073
219.417480
252.427185
189.320389
257.281555
158.252426
257.281555
129.126221
254.368942
100.970879
50.485439
66.990295
72.815536
54.368935
99.029129
52.427185
124.271851
57.281555
148.543686
66.019417
189.320389
65.048546
207.766998
57.281555
225.242722
52.427185
242.718460
55.339806
250.485443
68.932037
169.902924
97.087379
172.815536
117.475731
177.669907
136.893204
181.553406
158.252426
147.572815
181.553406
163.106796
183.495148
176.699036
185.436905
188.349518
182.524277
199.029129
177.669907
81.553398
99.029129
95.145638
91.262138
113.592239
91.262138
128.155350
100.970879
113.592239
104.854370
95.145638
104.854370
193.203888
100.970879
207.766998
91.262138
223.300980
91.262138
233.980591
99.029129
225.242722
104.854370
209.708740
104.854370
127.184471
231.067963
144.660202
213.592239
163.106796
203.883499
176.699036
207.766998
189.320389
202.912628
202.912628
210.679611
211.650497
225.242722
203.883499
234.951462
192.233017
240.776703
178.640778
242.718460
164.077667
242.718460
146.601944
238.834961
135.922333
230.097092
163.106796
221.359222
176.699036
221.359222
189.320389
220.388351
205.825241
224.271851
190.291275
221.359222
177.669907
222.330109
164.077667
221.359222
