5.825243
106.796120
9.708738
144.660202
16.504854
181.553406
28.155340
214.563110
46.601944
243.689331
70.873787
268.932037
100.970879
288.349518
133.980591
300.970886
167.961166
303.883514
195.145630
299.029144
215.533981
282.524292
230.097092
256.310699
240.776703
226.213593
248.543701
195.145630
255.339813
164.077667
256.310699
133.009720
252.427185
103.883499
50.485439
67.961166
70.873787
55.339806
96.116508
52.427185
122.330101
57.281555
146.601944
65.048546
185.436905
66.019417
203.883499
58.252430
223.300980
53.398060
240.776703
56.310680
250.485443
67.961166
167.961166
97.087379
171.844666
118.446602
176.699036
137.864075
181.553406
158.252426
144.660202
182.524277
161.165054
183.495148
175.728165
186.407776
188.349518
183.495148
200.000000
178.640778
78.640778
100.000000
93.203888
93.203888
110.679611
92.233009
126.213593
101.941750
110.679611
105.825249
93.203888
105.825249
193.203888
101.941750
207.766998
92.233009
224.271851
91.262138
235.922333
98.058258
226.213593
104.854370
209.708740
104.854370
123.300972
232.038849
142.718445
211.650497
163.106796
201.941757
177.669907
204.854370
190.291275
200.000000
204.854370
207.766998
213.592239
226.213593
204.854370
233.980591
191.262146
241.747574
177.669907
243.689331
162.135925
243.689331
141.747574
239.805832
130.097092
229.126221
163.106796
216.504868
176.699036
216.504868
190.291275
216.504868
207.766998
224.271851
189.320389
222.330109
175.728165
224.271851
162.135925
224.271851
