7.766991
103.883499
10.679612
141.747574
17.475729
177.669907
28.155340
210.679611
46.601944
241.747574
70.873787
266.019440
102.912621
285.436890
135.922333
299.029144
168.932037
300.970886
196.116516
296.116516
216.504868
278.640778
230.097092
252.427185
242.718460
221.359222
250.485443
189.320389
257.281555
158.252426
258.252441
127.184471
254.368942
97.087379
53.398060
67.961166
73.786407
55.339806
99.029129
51.456310
124.271851
57.281555
146.601944
66.019417
186.407776
66.019417
204.854370
57.281555
224.271851
52.427185
242.718460
54.368935
251.456314
67.961166
168.932037
96.116508
171.844666
117.475731
176.699036
136.893204
181.553406
159.223312
143.689331
179.611649
161.165054
181.553406
177.669907
185.436905
190.291275
181.553406
201.941757
176.699036
80.582527
97.087379
96.116508
89.320389
113.592239
89.320389
127.184471
100.000000
113.592239
101.941750
96.116508
101.941750
195.145630
100.000000
208.737869
89.320389
225.242722
88.349518
236.893204
95.145638
227.184479
100.970879
211.650497
101.941750
122.330101
225.242722
141.747574
205.825241
162.135925
196.116516
177.669907
200.000000
191.262146
195.145630
206.796127
202.912628
215.533981
220.388351
206.796127
230.097092
194.174759
237.864090
178.640778
239.805832
162.135925
239.805832
141.747574
233.980591
129.126221
222.330109
162.135925
209.708740
177.669907
209.708740
192.233017
209.708740
210.679611
218.446609
192.233017
220.388351
176.699036
222.330109
161.165054
221.359222
