9.708738
101.941750
12.621360
138.834961
17.475729
173.786407
27.184467
207.766998
45.631069
237.864090
70.873787
263.106812
101.941750
282.524292
135.922333
296.116516
170.873795
299.029144
199.029129
295.145630
218.446609
276.699036
233.009720
249.514572
244.660202
219.417480
252.427185
189.320389
259.223297
159.223312
261.165070
129.126221
259.223297
99.029129
57.281555
66.019417
75.728157
51.456310
100.970879
47.572819
125.242722
53.398060
147.572815
61.165051
187.378647
61.165051
205.825241
53.398060
225.242722
47.572819
243.689331
49.514565
253.398071
65.048546
169.902924
92.233009
172.815536
113.592239
177.669907
133.980591
181.553406
155.339813
146.601944
174.757294
162.135925
176.699036
176.699036
179.611649
190.291275
175.728165
201.941757
171.844666
84.466019
94.174759
98.058258
84.466019
115.533981
84.466019
129.126221
97.087379
115.533981
98.058258
99.029129
99.029129
199.029129
96.116508
211.650497
85.436897
227.184479
84.466019
236.893204
94.174759
228.155350
98.058258
214.563110
98.058258
128.155350
221.359222
145.631073
200.970886
163.106796
192.233017
178.640778
195.145630
193.203888
191.262146
208.737869
198.058258
217.475739
216.504868
209.708740
224.271851
196.116516
231.067963
180.582535
233.009720
164.077667
232.038849
146.601944
227.184479
135.922333
218.446609
164.077667
205.825241
178.640778
205.825241
193.203888
204.854370
212.621368
214.563110
194.174759
214.563110
178.640778
216.504868
164.077667
215.533981
