5.806452
134.516129
7.741936
170.322586
13.548388
206.129044
25.161291
238.064529
44.516129
270.000000
70.645164
295.161285
102.580650
314.516144
136.451614
330.000000
170.322586
331.935486
199.354843
329.032257
218.709686
311.612915
231.290329
284.516144
241.935486
252.580658
249.677429
222.580658
255.483871
192.580658
254.516144
161.612915
249.677429
134.516129
60.000000
98.709679
78.387100
84.193550
101.612907
80.322586
126.774200
84.193550
150.000000
91.935486
190.645172
91.935486
210.000000
83.225807
227.419357
79.354843
243.870972
83.225807
251.612915
96.774193
172.258072
124.838715
176.129044
145.161301
180.967743
163.548386
185.806458
182.903229
150.000000
206.129044
166.451614
208.064529
180.967743
210.000000
192.580658
207.096786
203.225815
202.258072
86.129036
125.806458
100.645164
115.161293
118.064522
114.193550
131.612900
126.774200
118.064522
130.645172
100.645164
130.645172
195.483871
125.806458
210.000000
114.193550
226.451614
113.225807
235.161301
122.903229
227.419357
128.709686
211.935486
128.709686
124.838715
248.709686
146.129044
232.258072
166.451614
224.516129
180.967743
226.451614
193.548386
223.548401
208.064529
228.387100
216.774200
243.870972
208.064529
251.612915
195.483871
256.451630
181.935486
259.354858
166.451614
259.354858
147.096771
256.451630
132.580643
247.741943
166.451614
236.129044
180.000000
236.129044
193.548386
235.161301
211.935486
241.935486
194.516129
242.903229
180.000000
244.838715
165.483871
245.806458
