7.766991
100.000000
11.650486
136.893204
16.504854
173.786407
28.155340
206.796127
47.572819
235.922333
73.786407
262.135925
106.796120
282.524292
140.776703
296.116516
176.699036
298.058258
206.796127
291.262146
224.271851
272.815552
236.893204
244.660202
246.601944
212.621368
253.398071
181.553406
259.223297
151.456314
259.223297
120.388351
255.339813
92.233009
55.339806
65.048546
76.699028
51.456310
101.941750
47.572819
128.155350
51.456310
150.485443
61.165051
186.407776
60.194176
204.854370
50.485439
224.271851
44.660194
242.718460
48.543690
251.456314
61.165051
169.902924
90.291267
174.757294
110.679611
180.582535
130.097092
186.407776
149.514572
149.514572
171.844666
165.048553
173.786407
180.582535
175.728165
193.203888
172.815536
203.883499
166.990295
83.495148
94.174759
98.058258
86.407768
115.533981
85.436897
130.097092
95.145638
116.504860
98.058258
99.029129
99.029129
192.233017
94.174759
206.796127
84.466019
223.300980
83.495148
233.009720
91.262138
224.271851
96.116508
208.737869
96.116508
128.155350
220.388351
148.543686
199.029129
167.961166
190.291275
181.553406
192.233017
196.116516
188.349518
209.708740
193.203888
217.475739
209.708740
210.679611
218.446609
199.029129
228.155350
183.495148
231.067963
168.932037
231.067963
149.514572
227.184479
136.893204
216.504868
167.961166
202.912628
181.553406
202.912628
196.116516
200.970886
211.650497
207.766998
197.087387
211.650497
182.524277
214.563110
168.932037
214.563110
