4.854369
99.029129
8.737864
134.951462
14.563107
170.873795
26.213593
203.883499
44.660194
235.922333
69.902916
262.135925
102.912621
283.495148
137.864075
298.058258
173.786407
299.029144
203.883499
292.233032
223.300980
273.786407
236.893204
246.601944
247.572815
213.592239
254.368942
182.524277
259.223297
151.456314
258.252441
120.388351
254.368942
91.262138
52.427185
63.106796
73.786407
49.514565
98.058258
47.572819
123.300972
52.427185
145.631073
61.165051
185.436905
61.165051
203.883499
51.456310
223.300980
45.631069
241.747574
48.543690
249.514572
62.135925
167.961166
91.262138
171.844666
112.621361
177.669907
131.067963
182.524277
152.427185
145.631073
173.786407
162.135925
175.728165
177.669907
177.669907
190.291275
173.786407
201.941757
169.902924
79.611656
97.087379
94.174759
90.291267
111.650490
89.320389
127.184471
97.087379
112.621361
100.970879
95.145638
100.970879
190.291275
96.116508
205.825241
88.349518
220.388351
88.349518
232.038849
95.145638
222.330109
99.029129
206.796127
99.029129
126.213593
222.330109
144.660202
200.000000
165.048553
190.291275
179.611649
193.203888
193.203888
189.320389
207.766998
196.116516
216.504868
213.592239
208.737869
222.330109
196.116516
230.097092
180.582535
233.009720
166.019424
233.009720
145.631073
229.126221
134.951462
218.446609
165.048553
203.883499
179.611649
203.883499
193.203888
202.912628
209.708740
211.650497
194.174759
212.621368
179.611649
214.563110
165.048553
214.563110
