9.708738
101.941750
11.650486
135.922333
16.504854
171.844666
27.184467
204.854370
45.631069
235.922333
69.902916
262.135925
102.912621
281.553406
136.893204
295.145630
172.815536
295.145630
203.883499
290.291260
222.330109
270.873779
237.864090
243.689331
247.572815
210.679611
253.398071
179.611649
258.252441
150.485443
257.281555
121.359230
252.427185
94.174759
53.398060
64.077675
72.815536
51.456310
97.087379
49.514565
119.417480
54.368935
141.747574
61.165051
184.466019
60.194176
201.941757
52.427185
219.417480
46.601944
236.893204
48.543690
246.601944
60.194176
165.048553
92.233009
168.932037
112.621361
173.786407
132.038834
177.669907
152.427185
142.718445
175.728165
159.223312
176.699036
173.786407
178.640778
187.378647
175.728165
199.029129
170.873795
77.669907
98.058258
92.233009
91.262138
108.737869
90.291267
124.271851
98.058258
109.708740
101.941750
93.203888
102.912621
192.233017
96.116508
205.825241
87.378647
221.359222
87.378647
232.038849
94.174759
222.330109
99.029129
207.766998
98.058258
123.300972
225.242722
140.776703
202.912628
159.223312
192.233017
174.757294
195.145630
190.291275
190.291275
205.825241
197.087387
216.504868
214.563110
206.796127
221.359222
194.174759
229.126221
177.669907
232.038849
161.165054
232.038849
142.718445
229.126221
131.067963
221.359222
160.194183
206.796127
175.728165
206.796127
191.262146
204.854370
210.679611
213.592239
192.233017
212.621368
176.699036
215.533981
160.194183
215.533981
