1.941748
103.883499
5.825243
139.805832
11.650486
174.757294
23.300972
207.766998
41.747574
237.864090
66.990295
264.077667
99.029129
284.466034
132.038834
296.116516
167.961166
297.087372
197.087387
291.262146
217.475739
275.728149
231.067963
250.485443
241.747574
220.388351
248.543701
190.291275
255.339813
159.223312
254.368942
128.155350
249.514572
98.058258
47.572819
66.990295
67.961166
51.456310
92.233009
48.543690
117.475731
52.427185
139.805832
61.165051
178.640778
60.194176
198.058258
51.456310
218.446609
46.601944
235.922333
50.485439
242.718460
66.019417
161.165054
92.233009
165.048553
112.621361
169.902924
132.038834
174.757294
152.427185
136.893204
174.757294
154.368942
176.699036
169.902924
179.611649
183.495148
175.728165
195.145630
171.844666
73.786407
99.029129
87.378647
92.233009
104.854370
91.262138
119.417480
98.058258
105.825249
101.941750
88.349518
102.912621
185.436905
96.116508
200.970886
88.349518
216.504868
88.349518
228.155350
96.116508
217.475739
99.029129
201.941757
99.029129
118.446602
222.330109
137.864075
202.912628
157.281555
193.203888
171.844666
196.116516
186.407776
191.262146
200.970886
197.087387
210.679611
214.563110
201.941757
223.300980
189.320389
230.097092
174.757294
233.009720
158.252426
233.009720
137.864075
229.126221
127.184471
219.417480
157.281555
207.766998
171.844666
207.766998
186.407776
206.796127
203.883499
212.621368
187.378647
212.621368
172.815536
214.563110
157.281555
215.533981
