-26.744186
105.813950
-22.093023
146.511627
-15.116279
188.372086
-3.488372
227.906967
16.279070
266.279053
46.511627
296.511627
81.395348
319.767426
119.767441
337.209290
162.790695
339.534882
200.000000
332.558136
225.581390
310.465118
244.186035
279.069763
259.302307
240.697678
267.441864
202.325577
274.418610
166.279068
275.581390
127.906975
269.767426
94.186043
19.767441
58.139534
43.023254
41.860466
72.093025
37.209301
100.000000
43.023254
127.906975
53.488373
176.744186
52.325581
201.162781
40.697674
226.744186
33.720928
251.162781
38.372093
263.953491
58.139534
154.651154
88.372093
159.302322
113.953484
163.953491
138.372086
168.604645
165.116272
125.581390
189.534882
145.348831
193.023254
163.953491
196.511627
180.232559
191.860458
195.348831
186.046509
50.000000
96.511627
66.279068
88.372093
87.209297
87.209297
105.813950
98.837204
87.209297
102.325577
66.279068
102.325577
189.534882
96.511627
206.976746
86.046509
226.744186
84.883720
241.860458
93.023254
229.069763
100.000000
209.302322
100.000000
101.162788
240.697678
122.093018
222.093018
145.348831
212.790695
163.953491
216.279068
181.395340
210.465118
201.162781
218.604645
213.953491
234.883713
201.162781
248.837204
183.720932
258.139526
163.953491
261.627899
145.348831
260.465118
122.093018
254.651154
110.465111
239.534882
145.348831
227.906967
163.953491
229.069763
182.558136
226.744186
204.651154
234.883713
182.558136
238.372086
163.953491
241.860458
144.186050
241.860458
