-9.302325
138.372086
-5.813953
179.069763
1.162791
220.930222
12.790697
260.465118
34.883720
293.023254
66.279068
319.767426
103.488373
339.534882
140.697678
350.000000
180.232559
352.325562
213.953491
348.837189
238.372086
331.395355
254.651154
303.488373
267.441864
269.767426
277.906982
233.720932
284.883728
196.511627
282.558136
159.302322
276.744171
124.418602
39.534882
82.558136
60.465115
61.627907
89.534882
55.813953
119.767441
60.465115
146.511627
70.930229
189.534882
69.767441
213.953491
59.302326
238.372086
54.651161
260.465118
62.790695
269.767426
84.883720
169.767441
103.488373
175.581390
126.744186
181.395340
150.000000
188.372086
173.255814
141.860458
200.000000
162.790695
203.488373
182.558136
205.813950
198.837204
201.162781
213.953491
196.511627
69.767441
111.627907
86.046509
102.325577
105.813950
101.162788
123.255814
112.790695
106.976746
115.116280
86.046509
115.116280
200.000000
111.627907
216.279068
100.000000
234.883713
100.000000
248.837204
110.465111
236.046509
113.953484
218.604645
113.953484
115.116280
250.000000
140.697678
232.558136
165.116272
223.255814
182.558136
226.744186
201.162781
220.930222
219.767441
227.906967
230.232559
246.511627
219.767441
256.976746
204.651154
265.116272
184.883713
267.441864
166.279068
267.441864
141.860458
262.790680
125.581390
248.837204
163.953491
237.209305
182.558136
237.209305
201.162781
236.046509
223.255814
245.348831
202.325577
246.511627
183.720932
248.837204
163.953491
248.837204
