33.009708
101.941750
34.951458
136.893204
38.834953
171.844666
46.601944
205.825241
61.165051
234.951462
81.553398
261.165070
107.766991
280.582520
135.922333
298.058258
170.873795
300.970886
204.854370
297.087372
230.097092
277.669922
249.514572
255.339813
266.019440
224.271851
275.728149
192.233017
282.524292
160.194183
285.436890
126.213593
283.495148
94.174759
61.165051
66.019417
78.640778
49.514565
102.912621
48.543690
126.213593
53.398060
148.543686
63.106796
183.495148
62.135925
206.796127
51.456310
231.067963
45.631069
256.310699
50.485439
268.932037
70.873787
166.990295
91.262138
169.902924
113.592239
172.815536
133.980591
174.757294
154.368942
140.776703
174.757294
156.310684
177.669907
171.844666
180.582535
187.378647
176.699036
200.970886
172.815536
83.495148
98.058258
97.087379
89.320389
114.563110
89.320389
129.126221
99.029129
114.563110
101.941750
98.058258
102.912621
202.912628
99.029129
217.475739
88.349518
233.980591
87.378647
246.601944
95.145638
235.922333
100.000000
220.388351
100.970879
121.359230
225.242722
137.864075
202.912628
156.310684
193.203888
172.815536
197.087387
189.320389
192.233017
206.796127
200.000000
220.388351
218.446609
206.796127
228.155350
191.262146
235.922333
172.815536
238.834961
155.339813
237.864090
137.864075
231.067963
130.097092
221.359222
156.310684
208.737869
172.815536
208.737869
189.320389
207.766998
211.650497
216.504868
189.320389
217.475739
171.844666
220.388351
155.339813
218.446609
