29.126215
102.912621
31.067963
135.922333
35.922333
168.932037
42.718449
201.941757
55.339806
232.038849
73.786407
258.252441
96.116508
278.640778
123.300972
295.145630
156.310684
300.000000
190.291275
297.087372
218.446609
283.495148
240.776703
262.135925
259.223297
233.009720
269.902924
202.912628
277.669922
171.844666
282.524292
138.834961
283.495148
105.825249
55.339806
62.135925
72.815536
47.572819
95.145638
46.601944
117.475731
52.427185
139.805832
61.165051
177.669907
59.223301
201.941757
51.456310
226.213593
46.601944
249.514572
53.398060
263.106812
72.815536
159.223312
89.320389
160.194183
111.650490
161.165054
132.038834
162.135925
153.398056
130.097092
172.815536
144.660202
176.699036
160.194183
180.582535
175.728165
177.669907
191.262146
172.815536
75.728157
96.116508
90.291267
89.320389
107.766991
89.320389
122.330101
99.029129
107.766991
101.941750
90.291267
100.970879
197.087387
99.029129
212.621368
90.291267
229.126221
90.291267
241.747574
98.058258
230.097092
102.912621
213.592239
102.912621
110.679611
222.330109
127.184471
202.912628
145.631073
193.203888
161.165054
196.116516
176.699036
192.233017
194.174759
200.000000
206.796127
218.446609
193.203888
227.184479
176.699036
233.980591
160.194183
235.922333
142.718445
235.922333
125.242722
230.097092
118.446602
219.417480
144.660202
208.737869
160.194183
208.737869
175.728165
207.766998
200.000000
216.504868
175.728165
216.504868
159.223312
218.446609
143.689331
217.475739
