33.009708
105.825249
34.951458
136.893204
38.834953
169.902924
46.601944
202.912628
60.194176
232.038849
79.611656
257.281555
106.796120
278.640778
136.893204
295.145630
171.844666
300.000000
204.854370
296.116516
230.097092
279.611664
249.514572
256.310699
266.019440
226.213593
276.699036
194.174759
283.495148
163.106796
287.378662
130.097092
287.378662
97.087379
63.106796
60.194176
82.524277
46.601944
105.825249
46.601944
128.155350
52.427185
149.514572
60.194176
191.262146
59.223301
214.563110
51.456310
236.893204
48.543690
259.223297
54.368935
270.873779
70.873787
170.873795
91.262138
172.815536
113.592239
174.757294
133.009720
175.728165
154.368942
143.689331
173.786407
158.252426
176.699036
172.815536
180.582535
187.378647
177.669907
201.941757
173.786407
85.436897
96.116508
100.970879
88.349518
118.446602
89.320389
132.038834
99.029129
117.475731
101.941750
100.000000
101.941750
205.825241
100.000000
221.359222
91.262138
237.864090
92.233009
250.485443
100.000000
239.805832
104.854370
223.300980
103.883499
124.271851
220.388351
140.776703
200.970886
160.194183
193.203888
173.786407
196.116516
190.291275
193.203888
207.766998
200.970886
219.417480
220.388351
206.796127
227.184479
190.291275
233.009720
173.786407
233.980591
157.281555
233.009720
138.834961
228.155350
133.009720
218.446609
159.223312
208.737869
173.786407
208.737869
190.291275
208.737869
211.650497
217.475739
189.320389
215.533981
172.815536
216.504868
157.281555
215.533981
