6.796117
99.029129
8.737864
133.980591
14.563107
168.932037
25.242720
201.941757
41.747574
234.951462
66.990295
263.106812
99.029129
283.495148
133.009720
299.029144
169.902924
300.000000
200.970886
295.145630
219.417480
277.669922
233.980591
253.398071
245.631073
221.359222
252.427185
189.320389
258.252441
158.252426
259.223297
127.184471
254.368942
100.000000
50.485439
63.106796
71.844666
48.543690
98.058258
46.601944
123.300972
51.456310
146.601944
60.194176
186.407776
61.165051
206.796127
53.398060
226.213593
49.514565
243.689331
53.398060
250.485443
67.961166
167.961166
92.233009
171.844666
113.592239
176.699036
133.009720
181.553406
153.398056
142.718445
175.728165
158.252426
178.640778
173.786407
181.553406
187.378647
177.669907
199.029129
173.786407
79.611656
95.145638
94.174759
88.349518
111.650490
88.349518
126.213593
97.087379
111.650490
100.000000
94.174759
100.000000
192.233017
98.058258
207.766998
90.291267
223.300980
90.291267
234.951462
98.058258
224.271851
101.941750
208.737869
100.970879
120.388351
225.242722
138.834961
203.883499
158.252426
195.145630
174.757294
198.058258
190.291275
194.174759
204.854370
201.941757
214.563110
219.417480
205.825241
227.184479
193.203888
233.009720
176.699036
234.951462
159.223312
233.980591
139.805832
230.097092
130.097092
222.330109
159.223312
210.679611
174.757294
209.708740
190.291275
209.708740
207.766998
218.446609
190.291275
216.504868
174.757294
217.475739
159.223312
216.504868
