-43.023254
103.488373
-39.534882
146.511627
-34.883720
189.534882
-20.930233
232.558136
2.325581
269.767426
37.209301
298.837219
76.744186
323.255798
118.604652
340.697662
160.465118
343.023254
195.348831
333.720917
216.279068
309.302307
230.232559
276.744171
241.860458
239.534882
250.000000
203.488373
256.976746
168.604645
258.139526
133.720932
253.488373
102.325577
25.581394
55.813953
48.837208
40.697674
77.906975
36.046513
105.813950
41.860466
132.558136
52.325581
183.720932
53.488373
203.488373
44.186047
224.418594
39.534882
241.860458
44.186047
251.162781
58.139534
160.465118
91.860466
166.279068
117.441856
172.093018
140.697678
179.069763
166.279068
132.558136
191.860458
152.325577
193.023254
170.930237
196.511627
184.883713
193.023254
197.674408
187.209305
54.651161
96.511627
70.930229
88.372093
90.697670
87.209297
108.139534
97.674416
90.697670
101.162788
70.930229
102.325577
183.720932
97.674416
198.837204
87.209297
217.441864
87.209297
230.232559
95.348839
218.604645
101.162788
201.162781
101.162788
101.162788
244.186035
126.744186
224.418594
153.488373
213.953491
169.767441
217.441864
184.883713
212.790695
201.162781
218.604645
210.465118
236.046509
202.325577
250.000000
187.209305
259.302307
172.093018
262.790680
153.488373
262.790680
127.906975
258.139526
111.627907
243.023254
152.325577
231.395340
169.767441
231.395340
184.883713
230.232559
203.488373
234.883713
184.883713
238.372086
170.930237
241.860458
153.488373
241.860458
