-7.766991
101.941750
-6.796117
137.864075
-4.854369
174.757294
4.854369
212.621368
25.242720
244.660202
55.339806
268.932037
91.262138
288.349518
129.126221
299.029144
164.077667
299.029144
191.262146
293.203888
206.796127
275.728149
217.475739
248.543701
227.184479
219.417480
234.951462
190.291275
241.747574
161.165054
241.747574
131.067963
236.893204
104.854370
51.456310
66.019417
71.844666
52.427185
99.029129
48.543690
125.242722
54.368935
147.572815
65.048546
180.582535
66.019417
197.087387
56.310680
214.563110
50.485439
230.097092
53.398060
235.922333
65.048546
167.961166
94.174759
173.786407
113.592239
179.611649
133.009720
185.436905
151.456314
146.601944
176.699036
163.106796
177.669907
177.669907
179.611649
189.320389
176.699036
200.000000
171.844666
77.669907
96.116508
92.233009
89.320389
108.737869
89.320389
123.300972
99.029129
109.708740
100.970879
92.233009
100.970879
182.524277
100.970879
197.087387
90.291267
211.650497
90.291267
222.330109
98.058258
212.621368
100.970879
199.029129
101.941750
120.388351
225.242722
143.689331
204.854370
164.077667
194.174759
177.669907
197.087387
190.291275
193.203888
200.970886
199.029129
205.825241
215.533981
201.941757
222.330109
193.203888
229.126221
179.611649
232.038849
164.077667
232.038849
143.689331
231.067963
129.126221
222.330109
163.106796
208.737869
177.669907
207.766998
190.291275
206.796127
200.970886
213.592239
191.262146
212.621368
178.640778
215.533981
164.077667
215.533981
