-12.621360
103.883499
-8.737864
141.747574
-2.912621
179.611649
8.737864
215.533981
30.097088
247.572815
62.135925
272.815552
100.000000
289.320404
137.864075
300.970886
175.728165
301.941742
202.912628
292.233032
216.504868
271.844666
227.184479
242.718460
234.951462
214.563110
240.776703
185.436905
245.631073
157.281555
243.689331
129.126221
236.893204
103.883499
49.514565
72.815536
72.815536
55.339806
102.912621
48.543690
133.009720
52.427185
159.223312
64.077675
188.349518
64.077675
203.883499
55.339806
219.417480
48.543690
234.951462
49.514565
241.747574
60.194176
176.699036
91.262138
184.466019
111.650490
192.233017
130.097092
200.970886
150.485443
158.252426
175.728165
175.728165
177.669907
192.233017
179.611649
203.883499
175.728165
213.592239
168.932037
80.582527
97.087379
100.970879
92.233009
118.446602
91.262138
133.980591
99.029129
119.417480
101.941750
100.970879
101.941750
191.262146
98.058258
207.766998
90.291267
223.300980
89.320389
233.980591
95.145638
223.300980
100.000000
208.737869
100.000000
131.067963
220.388351
159.223312
205.825241
180.582535
194.174759
193.203888
196.116516
204.854370
192.233017
215.533981
198.058258
222.330109
210.679611
215.533981
220.388351
205.825241
228.155350
194.174759
232.038849
179.611649
232.038849
158.252426
230.097092
139.805832
219.417480
179.611649
205.825241
193.203888
205.825241
204.854370
203.883499
217.475739
209.708740
204.854370
212.621368
193.203888
215.533981
179.611649
216.504868
