-19.417477
116.504860
-12.621360
153.398056
-3.883495
190.291275
8.737864
226.213593
30.097088
257.281555
64.077675
279.611664
104.854370
293.203888
146.601944
301.941742
184.466019
300.000000
211.650497
288.349518
222.330109
266.019440
232.038849
235.922333
239.805832
207.766998
242.718460
179.611649
244.660202
153.398056
239.805832
127.184471
231.067963
104.854370
53.398060
76.699028
76.699028
59.223301
105.825249
49.514565
135.922333
52.427185
162.135925
62.135925
190.291275
65.048546
202.912628
57.281555
217.475739
50.485439
230.097092
51.456310
236.893204
61.165051
177.669907
91.262138
186.407776
111.650490
197.087387
130.097092
206.796127
150.485443
165.048553
175.728165
180.582535
176.699036
196.116516
178.640778
206.796127
173.786407
214.563110
166.990295
87.378647
100.970879
103.883499
96.116508
119.417480
94.174759
133.009720
100.000000
120.388351
103.883499
103.883499
104.854370
189.320389
97.087379
202.912628
91.262138
215.533981
92.233009
222.330109
97.087379
215.533981
100.000000
202.912628
100.000000
134.951462
218.446609
163.106796
203.883499
186.407776
193.203888
199.029129
194.174759
209.708740
190.291275
216.504868
193.203888
219.417480
203.883499
216.504868
211.650497
210.679611
218.446609
200.000000
222.330109
186.407776
224.271851
164.077667
227.184479
143.689331
217.475739
185.436905
205.825241
198.058258
203.883499
208.737869
201.941757
214.563110
203.883499
209.708740
202.912628
199.029129
205.825241
186.407776
207.766998
