-17.475729
125.242722
-10.679612
159.223312
-1.941748
195.145630
10.679612
228.155350
33.009708
256.310699
66.990295
277.669922
107.766991
289.320404
147.572815
298.058258
184.466019
298.058258
210.679611
287.378662
223.300980
266.990295
233.009720
239.805832
238.834961
209.708740
242.718460
180.582535
246.601944
152.427185
242.718460
126.213593
235.922333
102.912621
52.427185
73.786407
75.728157
57.281555
104.854370
48.543690
134.951462
51.456310
161.165054
60.194176
188.349518
63.106796
200.970886
54.368935
214.563110
47.572819
227.184479
48.543690
234.951462
58.252430
177.669907
91.262138
186.407776
110.679611
196.116516
128.155350
205.825241
147.572815
164.077667
173.786407
180.582535
174.757294
195.145630
175.728165
206.796127
171.844666
214.563110
166.019424
84.466019
102.912621
101.941750
96.116508
117.475731
94.174759
132.038834
100.970879
119.417480
103.883499
102.912621
105.825249
191.262146
97.087379
204.854370
91.262138
218.446609
90.291267
227.184479
96.116508
219.417480
99.029129
205.825241
99.029129
137.864075
221.359222
164.077667
202.912628
185.436905
191.262146
198.058258
192.233017
207.766998
187.378647
214.563110
194.174759
216.504868
211.650497
214.563110
217.475739
209.708740
222.330109
199.029129
225.242722
185.436905
226.213593
165.048553
228.155350
147.572815
219.417480
185.436905
204.854370
198.058258
203.883499
207.766998
201.941757
211.650497
209.708740
207.766998
207.766998
198.058258
209.708740
185.436905
210.679611
