-8.709678
126.774200
-6.774194
164.516129
-4.838710
204.193558
3.870968
241.935486
25.161291
273.870972
59.032261
296.129028
96.774193
312.580658
135.483871
323.225830
171.290329
321.290344
197.419357
314.516144
210.967743
296.129028
222.580658
270.000000
232.258072
241.935486
238.064529
213.870972
240.967743
185.806458
238.064529
156.774200
231.290329
131.612900
61.935486
90.000000
81.290321
76.451614
105.483871
72.580650
129.677429
77.419357
151.935486
85.161293
184.838715
85.161293
198.387100
77.419357
211.935486
73.548386
223.548401
76.451614
226.451614
88.064522
171.290329
114.193550
178.064514
131.612900
185.806458
148.064514
193.548386
166.451614
152.903229
194.516129
169.354843
195.483871
183.870972
196.451614
194.516129
193.548386
204.193558
189.677429
84.193550
119.032265
98.709679
110.322586
115.161293
110.322586
128.709686
120.967743
115.161293
122.903229
99.677422
122.903229
183.870972
119.032265
195.483871
108.387100
209.032257
109.354843
216.774200
119.032265
209.032257
121.935486
197.419357
120.967743
128.709686
241.935486
153.870972
224.516129
175.161301
213.870972
186.774200
215.806458
197.419357
211.935486
207.096786
216.774200
210.967743
229.354843
206.129044
233.225815
199.354843
239.032272
187.741943
241.935486
174.193558
242.903229
154.838715
245.806458
137.419357
240.000000
174.193558
228.387100
186.774200
226.451614
197.419357
224.516129
206.129044
229.354843
197.419357
225.483871
186.774200
228.387100
174.193558
230.322586
