-44.186047
101.162788
-39.534882
144.186050
-33.720928
184.883713
-22.093023
223.255814
-1.162791
259.302307
27.906977
287.209290
62.790695
310.465118
101.162788
324.418610
141.860458
327.906982
177.906967
322.093018
202.325577
302.325562
220.930222
273.255798
236.046509
237.209305
245.348831
202.325577
251.162781
166.279068
251.162781
127.906975
245.348831
93.023254
11.627907
51.162788
33.720928
36.046513
60.465115
32.558140
87.209297
37.209301
112.790695
46.511627
166.279068
46.511627
187.209305
37.209301
209.302322
31.395348
230.232559
36.046513
241.860458
53.488373
141.860458
82.558136
146.511627
106.976746
152.325577
130.232559
156.976746
154.651154
111.627907
176.744186
131.395340
180.232559
152.325577
184.883713
168.604645
179.069763
183.720932
173.255814
41.860466
86.046509
56.976742
77.906975
76.744186
76.744186
91.860466
88.372093
75.581390
90.697670
56.976742
90.697670
176.744186
89.534882
191.860458
77.906975
209.302322
76.744186
223.255814
87.209297
210.465118
91.860466
193.023254
90.697670
77.906975
226.744186
106.976746
211.627899
133.720932
203.488373
152.325577
205.813950
167.441864
200.000000
187.209305
204.651154
200.000000
222.093018
187.209305
236.046509
170.930237
245.348831
153.488373
248.837204
132.558136
248.837204
105.813950
243.023254
86.046509
225.581390
133.720932
215.116272
152.325577
215.116272
168.604645
212.790695
193.023254
220.930222
168.604645
227.906967
152.325577
230.232559
132.558136
231.395340
