-15.483871
129.677429
-11.612904
167.419357
-7.741936
205.161301
3.870968
241.935486
26.129032
271.935486
58.064518
293.225830
91.935486
309.677429
127.741936
319.354858
161.612915
320.322601
189.677429
314.516144
206.129044
296.129028
217.741943
269.032257
226.451614
240.000000
233.225815
210.967743
238.064529
181.935486
236.129044
151.935486
230.322586
125.806458
47.419357
86.129036
66.774193
71.612907
90.967743
66.774193
115.161293
70.645164
136.451614
79.354843
171.290329
80.322586
186.774200
71.612907
203.225815
67.741936
218.709686
71.612907
225.483871
85.161293
155.806458
111.290329
161.612915
128.709686
168.387100
145.161301
175.161301
162.580643
135.483871
187.741943
151.935486
189.677429
167.419357
191.612915
180.000000
188.709686
191.612915
183.870972
70.645164
116.129036
85.161293
107.419357
101.612907
106.451614
116.129036
117.096779
101.612907
120.000000
85.161293
120.000000
172.258072
117.096779
184.838715
105.483871
199.354843
105.483871
210.000000
115.161293
200.322586
118.064522
186.774200
118.064522
115.161293
236.129044
137.419357
216.774200
156.774200
207.096786
170.322586
208.064529
182.903229
204.193558
194.516129
210.000000
201.290329
225.483871
194.516129
233.225815
184.838715
240.000000
171.290329
242.903229
155.806458
241.935486
137.419357
241.935486
123.870972
234.193558
155.806458
218.709686
170.322586
217.741943
181.935486
216.774200
196.451614
223.548401
182.903229
226.451614
170.322586
228.387100
155.806458
229.354843
