-19.354839
127.741936
-15.483871
161.612915
-11.612904
196.451614
-0.967742
232.258072
17.419355
263.225800
45.483871
284.516144
78.387100
300.967743
113.225807
312.580658
150.000000
313.548401
180.967743
309.677429
200.322586
292.258087
212.903229
264.193542
221.612915
233.225815
227.419357
204.193558
233.225815
176.129044
233.225815
149.032257
228.387100
123.870972
36.774193
85.161293
55.161293
67.741936
80.322586
61.935486
105.483871
65.806450
128.709686
76.451614
159.677429
76.451614
177.096786
67.741936
196.451614
63.870968
213.870972
70.645164
221.612915
87.096779
148.064514
101.612907
152.903229
120.000000
159.677429
137.419357
165.483871
156.774200
125.806458
181.935486
142.258072
182.903229
157.741943
186.774200
170.322586
183.870972
181.935486
180.000000
60.967743
111.290329
74.516129
101.612907
90.967743
100.645164
106.451614
110.322586
91.935486
113.225807
75.483871
114.193550
167.419357
111.290329
180.967743
101.612907
196.451614
102.580650
207.096786
112.258064
197.419357
115.161293
181.935486
113.225807
104.516129
229.354843
126.774200
210.967743
147.096771
202.258072
158.709686
206.129044
168.387100
203.225815
180.967743
210.967743
189.677429
229.354843
179.032257
232.258072
167.419357
234.193558
156.774200
235.161301
144.193558
233.225815
125.806458
232.258072
113.225807
227.419357
146.129044
217.741943
158.709686
218.709686
167.419357
218.709686
182.903229
227.419357
166.451614
219.677429
156.774200
220.645172
145.161301
219.677429
