10.645162
126.774200
14.516129
160.645172
20.322580
196.451614
30.000000
231.290329
47.419357
262.258087
75.483871
285.483887
111.290329
300.000000
147.096771
308.709686
181.935486
307.741943
210.967743
302.903229
230.322586
288.387115
243.870972
264.193542
252.580658
234.193558
259.354858
205.161301
263.225800
176.129044
261.290344
146.129044
255.483871
120.000000
66.774193
75.483871
87.096779
61.935486
111.290329
60.000000
135.483871
64.838715
157.741943
74.516129
190.645172
75.483871
209.032257
67.741936
226.451614
63.870968
242.903229
67.741936
251.612915
81.290321
177.096786
105.483871
181.935486
120.967743
187.741943
135.483871
193.548386
150.967743
155.806458
180.967743
172.258072
181.935486
187.741943
182.903229
199.354843
180.000000
210.000000
177.096786
88.064522
109.354843
101.612907
101.612907
119.032265
101.612907
135.483871
111.290329
120.000000
113.225807
102.580650
113.225807
198.387100
112.258064
213.870972
103.548393
229.354843
103.548393
240.000000
112.258064
229.354843
115.161293
215.806458
115.161293
134.516129
229.354843
155.806458
208.064529
177.096786
197.419357
189.677429
200.322586
204.193558
197.419357
216.774200
204.193558
223.548401
224.516129
215.806458
227.419357
205.161301
232.258072
190.645172
234.193558
176.129044
233.225815
156.774200
232.258072
143.225815
226.451614
176.129044
211.935486
189.677429
211.935486
203.225815
210.967743
217.741943
220.645172
203.225815
216.774200
189.677429
218.709686
176.129044
218.709686
