11.612904
130.645172
14.516129
163.548386
18.387096
196.451614
28.064516
229.354843
44.516129
259.354858
69.677422
283.548401
102.580650
300.000000
137.419357
309.677429
174.193558
309.677429
205.161301
307.741943
225.483871
292.258087
238.064529
268.064514
247.741943
238.064529
253.548401
209.032257
258.387115
180.000000
256.451630
150.967743
251.612915
125.806458
61.935486
81.290321
80.322586
64.838715
104.516129
60.000000
128.709686
64.838715
150.967743
74.516129
182.903229
74.516129
203.225815
66.774193
222.580658
62.903229
240.967743
70.645164
247.741943
88.064522
170.322586
102.580650
175.161301
120.000000
180.000000
136.451614
185.806458
152.903229
147.096771
180.967743
163.548386
182.903229
180.000000
185.806458
191.612915
182.903229
203.225815
180.000000
83.225807
108.387100
96.774193
100.645164
114.193550
100.645164
129.677429
110.322586
115.161293
113.225807
97.741936
113.225807
193.548386
112.258064
208.064529
102.580650
223.548401
103.548393
233.225815
112.258064
224.516129
115.161293
210.000000
115.161293
126.774200
229.354843
146.129044
207.096786
167.419357
197.419357
180.967743
200.322586
195.483871
197.419357
210.967743
206.129044
220.645172
224.516129
210.000000
231.290329
196.451614
237.096786
180.967743
239.032272
165.483871
238.064529
145.161301
233.225815
135.483871
225.483871
166.451614
211.935486
180.967743
210.967743
195.483871
210.967743
213.870972
222.580658
195.483871
221.612915
180.000000
222.580658
165.483871
222.580658
