5.806452
130.645172
8.709678
164.516129
14.516129
197.419357
23.225807
229.354843
38.709679
259.354858
61.935486
283.548401
91.935486
300.967743
123.870972
315.483887
158.709686
318.387115
191.612915
314.516144
212.903229
299.032257
229.354843
274.838715
240.000000
243.870972
246.774200
213.870972
252.580658
182.903229
254.516144
151.935486
249.677429
122.903229
47.419357
84.193550
63.870968
68.709679
88.064522
63.870968
113.225807
67.741936
136.451614
77.419357
172.258072
76.451614
192.580658
66.774193
214.838715
63.870968
234.193558
71.612907
241.935486
90.967743
154.838715
104.516129
158.709686
122.903229
163.548386
141.290329
167.419357
160.645172
130.645172
183.870972
147.096771
186.774200
162.580643
190.645172
176.129044
186.774200
189.677429
182.903229
70.645164
112.258064
83.225807
103.548393
99.677422
102.580650
115.161293
112.258064
99.677422
114.193550
84.193550
115.161293
182.903229
113.225807
197.419357
105.483871
212.903229
104.516129
224.516129
114.193550
213.870972
117.096779
199.354843
116.129036
113.225807
229.354843
129.677429
209.032257
149.032257
201.290329
164.516129
204.193558
179.032257
201.290329
194.516129
209.032257
205.161301
229.354843
194.516129
237.096786
180.000000
241.935486
164.516129
243.870972
148.064514
241.935486
129.677429
237.096786
120.967743
227.419357
148.064514
213.870972
163.548386
213.870972
179.032257
213.870972
199.354843
226.451614
179.032257
226.451614
163.548386
227.419357
148.064514
226.451614
