-23.255814
97.674416
-19.767441
137.209305
-15.116279
175.581390
-5.813953
213.953491
10.465117
248.837204
34.883720
277.906982
68.604652
300.000000
105.813950
317.441864
150.000000
320.930237
189.534882
316.279053
218.604645
296.511627
240.697678
269.767426
254.651154
233.720932
262.790680
196.511627
268.604645
160.465118
270.930237
122.093018
268.604645
87.209297
15.116279
45.348835
34.883720
24.418604
66.279068
17.441860
96.511627
22.093023
123.255814
34.883720
166.279068
33.720928
193.023254
20.930233
222.093018
17.441860
248.837204
26.744186
260.465118
53.488373
145.348831
66.279068
150.000000
89.534882
153.488373
111.627907
156.976746
136.046509
113.953484
161.627899
132.558136
165.116272
152.325577
168.604645
170.930237
163.953491
188.372086
160.465118
43.023254
77.906975
59.302326
66.279068
79.069763
66.279068
98.837204
79.069763
79.069763
81.395348
59.302326
81.395348
184.883713
79.069763
203.488373
67.441856
223.255814
66.279068
237.209305
77.906975
223.255814
81.395348
204.651154
81.395348
88.372093
218.604645
111.627907
194.186050
134.883713
182.558136
153.488373
186.046509
170.930237
181.395340
191.860458
190.697678
208.139526
215.116272
191.860458
226.744186
172.093018
234.883713
153.488373
237.209305
132.558136
236.046509
109.302322
229.069763
97.674416
216.279068
133.720932
198.837204
153.488373
200.000000
172.093018
198.837204
198.837204
212.790695
172.093018
213.953491
152.325577
216.279068
132.558136
216.279068
