27.184467
94.174759
29.126215
126.213593
34.951458
159.223312
41.747574
191.262146
53.398060
221.359222
72.815536
247.572815
99.029129
266.990295
130.097092
279.611664
166.019424
282.524292
200.970886
280.582520
228.155350
267.961182
248.543701
245.631073
264.077667
216.504868
271.844666
185.436905
277.669922
153.398056
280.582520
122.330101
279.611664
90.291267
57.281555
58.252430
74.757286
39.805828
99.029129
35.922333
123.300972
39.805828
144.660202
48.543690
182.524277
47.572819
204.854370
36.893204
229.126221
33.009708
251.456314
40.776699
263.106812
62.135925
165.048553
74.757286
166.990295
94.174759
169.902924
112.621361
171.844666
132.038834
137.864075
155.339813
153.398056
158.252426
168.932037
160.194183
184.466019
157.281555
199.029129
154.368942
81.553398
84.466019
95.145638
76.699028
111.650490
75.728157
126.213593
84.466019
111.650490
87.378647
95.145638
87.378647
200.000000
84.466019
214.563110
75.728157
231.067963
75.728157
242.718460
83.495148
231.067963
87.378647
215.533981
86.407768
119.417480
203.883499
135.922333
182.524277
154.368942
173.786407
168.932037
175.728165
183.495148
171.844666
200.000000
178.640778
211.650497
198.058258
199.029129
204.854370
185.436905
212.621368
168.932037
215.533981
153.398056
215.533981
135.922333
210.679611
126.213593
200.970886
154.368942
185.436905
168.932037
185.436905
184.466019
184.466019
204.854370
195.145630
183.495148
197.087387
168.932037
199.029129
153.398056
199.029129
