24.271845
97.087379
27.184467
128.155350
32.038837
159.223312
37.864079
190.291275
48.543690
220.388351
66.019417
246.601944
89.320389
266.990295
117.475731
282.524292
151.456314
286.407776
186.407776
286.407776
215.533981
273.786407
237.864090
253.398071
256.310699
226.213593
266.990295
195.145630
273.786407
163.106796
277.669922
129.126221
279.611664
94.174759
48.543690
61.165051
64.077675
42.718449
88.349518
37.864079
112.621361
42.718449
134.951462
52.427185
168.932037
52.427185
193.203888
39.805828
221.359222
35.922333
246.601944
44.660194
261.165070
67.961166
151.456314
76.699028
152.427185
98.058258
154.368942
119.417480
155.339813
139.805832
125.242722
159.223312
139.805832
162.135925
155.339813
165.048553
169.902924
161.165054
185.436905
158.252426
72.815536
86.407768
84.466019
77.669907
101.941750
77.669907
116.504860
88.349518
101.941750
90.291267
84.466019
90.291267
191.262146
88.349518
206.796127
78.640778
223.300980
77.669907
236.893204
86.407768
224.271851
90.291267
206.796127
90.291267
108.737869
202.912628
124.271851
184.466019
141.747574
176.699036
156.310684
178.640778
169.902924
175.728165
187.378647
182.524277
200.970886
202.912628
185.436905
209.708740
169.902924
214.563110
155.339813
217.475739
139.805832
215.533981
123.300972
211.650497
116.504860
200.970886
141.747574
188.349518
156.310684
189.320389
169.902924
188.349518
194.174759
200.000000
168.932037
200.000000
154.368942
200.970886
139.805832
200.000000
