20.388350
100.000000
20.388350
128.155350
22.330097
157.281555
27.184467
187.378647
36.893204
215.533981
50.485439
242.718460
70.873787
265.048553
96.116508
282.524292
129.126221
288.349518
166.019424
289.320404
199.029129
277.669922
227.184479
259.223297
250.485443
231.067963
261.165070
200.000000
268.932037
168.932037
272.815552
134.951462
274.757294
100.970879
39.805828
58.252430
53.398060
42.718449
75.728157
39.805828
97.087379
44.660194
117.475731
53.398060
153.398056
51.456310
178.640778
40.776699
206.796127
37.864079
233.009720
47.572819
249.514572
71.844666
133.980591
77.669907
133.009720
100.000000
133.009720
119.417480
131.067963
140.776703
103.883499
159.223312
117.475731
162.135925
133.009720
166.019424
147.572815
163.106796
165.048553
161.165054
59.223301
86.407768
72.815536
77.669907
89.320389
77.669907
102.912621
87.378647
88.349518
90.291267
71.844666
90.291267
175.728165
89.320389
191.262146
80.582527
208.737869
80.582527
222.330109
89.320389
208.737869
93.203888
191.262146
92.233009
86.407768
205.825241
100.970879
189.320389
117.475731
183.495148
131.067963
187.378647
144.660202
183.495148
162.135925
189.320389
180.582535
205.825241
161.165054
210.679611
144.660202
214.563110
131.067963
215.533981
115.533981
214.563110
100.000000
210.679611
94.174759
202.912628
116.504860
195.145630
131.067963
197.087387
144.660202
196.116516
172.815536
202.912628
144.660202
201.941757
131.067963
203.883499
116.504860
201.941757
