48.543690
90.291267
47.572819
118.446602
47.572819
148.543686
48.543690
177.669907
55.339806
207.766998
67.961166
234.951462
87.378647
258.252441
111.650490
276.699036
144.660202
285.436890
182.524277
287.378662
217.475739
278.640778
247.572815
262.135925
273.786407
237.864090
289.320404
207.766998
298.058258
174.757294
303.883514
139.805832
306.796112
105.825249
65.048546
55.339806
78.640778
39.805828
99.029129
36.893204
120.388351
43.689323
138.834961
53.398060
172.815536
51.456310
199.029129
40.776699
229.126221
37.864079
256.310699
47.572819
273.786407
69.902916
154.368942
79.611656
151.456314
100.000000
149.514572
119.417480
146.601944
139.805832
121.359230
160.194183
134.951462
163.106796
149.514572
166.019424
165.048553
164.077667
181.553406
162.135925
81.553398
85.436897
95.145638
77.669907
112.621361
77.669907
127.184471
88.349518
112.621361
90.291267
95.145638
90.291267
197.087387
91.262138
213.592239
81.553398
232.038849
81.553398
247.572815
91.262138
232.038849
95.145638
213.592239
94.174759
105.825249
204.854370
116.504860
185.436905
132.038834
177.669907
146.601944
180.582535
162.135925
178.640778
180.582535
187.378647
200.970886
209.708740
179.611649
213.592239
161.165054
217.475739
145.631073
218.446609
129.126221
216.504868
114.563110
211.650497
112.621361
201.941757
132.038834
191.262146
146.601944
193.203888
162.135925
193.203888
191.262146
205.825241
161.165054
201.941757
145.631073
201.941757
130.097092
200.970886
