14.563107
100.970879
17.475729
135.922333
22.330097
170.873795
31.067963
203.883499
48.543690
234.951462
71.844666
261.165070
102.912621
281.553406
135.922333
295.145630
171.844666
297.087372
200.970886
294.174774
221.359222
278.640778
234.951462
253.398071
247.572815
223.300980
256.310699
193.203888
261.165070
162.135925
261.165070
131.067963
257.281555
102.912621
58.252430
68.932037
77.669907
54.368935
100.970879
51.456310
125.242722
56.310680
148.543686
64.077675
190.291275
65.048546
208.737869
56.310680
228.155350
51.456310
245.631073
54.368935
252.427185
68.932037
170.873795
96.116508
173.786407
117.475731
178.640778
137.864075
182.524277
159.223312
144.660202
177.669907
162.135925
179.611649
177.669907
182.524277
192.233017
178.640778
204.854370
174.757294
86.407768
98.058258
100.000000
89.320389
117.475731
89.320389
132.038834
99.029129
117.475731
103.883499
100.000000
102.912621
195.145630
99.029129
209.708740
87.378647
226.213593
86.407768
237.864090
96.116508
228.155350
100.970879
211.650497
101.941750
125.242722
221.359222
144.660202
203.883499
163.106796
197.087387
178.640778
199.029129
192.233017
195.145630
205.825241
199.029129
212.621368
213.592239
205.825241
220.388351
194.174759
227.184479
179.611649
230.097092
163.106796
230.097092
143.689331
228.155350
133.009720
219.417480
163.106796
209.708740
178.640778
208.737869
193.203888
206.796127
206.796127
211.650497
192.233017
210.679611
178.640778
213.592239
163.106796
213.592239
