46.601944
95.145638
44.660194
120.388351
44.660194
148.543686
46.601944
177.669907
52.427185
206.796127
65.048546
234.951462
82.524277
258.252441
105.825249
275.728149
136.893204
282.524292
174.757294
286.407776
212.621368
278.640778
244.660202
262.135925
268.932037
236.893204
285.436890
207.766998
295.145630
174.757294
300.000000
139.805832
302.912628
105.825249
61.165051
53.398060
73.786407
38.834953
93.203888
38.834953
112.621361
43.689323
131.067963
52.427185
166.019424
50.485439
192.233017
40.776699
221.359222
38.834953
248.543701
47.572819
266.990295
68.932037
144.660202
78.640778
141.747574
99.029129
138.834961
119.417480
134.951462
140.776703
114.563110
160.194183
125.242722
163.106796
138.834961
166.019424
154.368942
164.077667
171.844666
163.106796
76.699028
86.407768
89.320389
77.669907
105.825249
77.669907
118.446602
88.349518
104.854370
91.262138
88.349518
90.291267
191.262146
90.291267
206.796127
81.553398
224.271851
81.553398
238.834961
92.233009
224.271851
96.116508
206.796127
94.174759
100.000000
201.941757
108.737869
185.436905
123.300972
178.640778
136.893204
182.524277
152.427185
179.611649
172.815536
189.320389
193.203888
211.650497
170.873795
212.621368
151.456314
214.563110
135.922333
214.563110
120.388351
212.621368
107.766991
207.766998
106.796120
200.000000
122.330101
194.174759
136.893204
196.116516
152.427185
196.116516
185.436905
208.737869
151.456314
199.029129
135.922333
199.029129
121.359230
196.116516
