57.281555
85.436897
52.427185
111.650490
50.485439
137.864075
49.514565
166.990295
53.398060
197.087387
62.135925
227.184479
77.669907
255.339813
98.058258
278.640778
129.126221
287.378662
167.961166
292.233032
205.825241
283.495148
237.864090
266.990295
265.048553
241.747574
284.466034
211.650497
294.174774
178.640778
299.029144
143.689331
301.941742
109.708740
62.135925
54.368935
74.757286
40.776699
93.203888
39.805828
111.650490
45.631069
129.126221
54.368935
166.019424
52.427185
193.203888
42.718449
221.359222
39.805828
248.543701
49.514565
266.019440
70.873787
143.689331
81.553398
140.776703
102.912621
136.893204
123.300972
133.009720
144.660202
110.679611
161.165054
122.330101
166.990295
135.922333
170.873795
153.398056
167.961166
169.902924
166.019424
76.699028
86.407768
88.349518
78.640778
104.854370
78.640778
118.446602
89.320389
103.883499
92.233009
87.378647
91.262138
189.320389
92.233009
205.825241
83.495148
224.271851
83.495148
237.864090
94.174759
223.300980
99.029129
204.854370
97.087379
95.145638
203.883499
105.825249
192.233017
119.417480
189.320389
132.038834
195.145630
146.601944
191.262146
166.990295
199.029129
188.349518
214.563110
164.077667
218.446609
143.689331
220.388351
129.126221
219.417480
114.563110
217.475739
101.941750
210.679611
100.970879
202.912628
119.417480
203.883499
132.038834
206.796127
146.601944
205.825241
180.582535
211.650497
144.660202
205.825241
130.097092
205.825241
116.504860
203.883499
