48.543690
87.378647
44.660194
114.563110
42.718449
143.689331
42.718449
173.786407
46.601944
204.854370
57.281555
234.951462
74.757286
262.135925
96.116508
284.466034
125.242722
293.203888
163.106796
297.087372
200.970886
288.349518
235.922333
269.902924
265.048553
242.718460
283.495148
212.621368
294.174774
177.669907
299.029144
141.747574
300.970886
104.854370
61.165051
49.514565
73.786407
39.805828
90.291267
38.834953
107.766991
44.660194
125.242722
52.427185
164.077667
52.427185
190.291275
42.718449
218.446609
40.776699
244.660202
48.543690
264.077667
67.961166
139.805832
80.582527
135.922333
101.941750
132.038834
123.300972
128.155350
144.660202
106.796120
163.106796
117.475731
167.961166
131.067963
172.815536
147.572815
169.902924
165.048553
166.990295
73.786407
86.407768
85.436897
78.640778
101.941750
78.640778
115.533981
88.349518
100.000000
90.291267
84.466019
90.291267
185.436905
91.262138
201.941757
83.495148
220.388351
84.466019
234.951462
93.203888
219.417480
97.087379
200.970886
95.145638
89.320389
206.796127
99.029129
195.145630
112.621361
194.174759
127.184471
199.029129
141.747574
195.145630
161.165054
200.000000
185.436905
212.621368
158.252426
217.475739
139.805832
220.388351
124.271851
220.388351
109.708740
218.446609
97.087379
211.650497
95.145638
205.825241
111.650490
208.737869
126.213593
211.650497
140.776703
210.679611
176.699036
211.650497
139.805832
205.825241
125.242722
205.825241
110.679611
203.883499
