43.689323
92.233009
41.747574
117.475731
40.776699
145.631073
40.776699
175.728165
45.631069
207.766998
55.339806
237.864090
72.815536
266.019440
94.174759
289.320404
127.184471
298.058258
166.990295
300.000000
204.854370
287.378662
237.864090
268.932037
266.019440
240.776703
284.466034
210.679611
294.174774
176.699036
299.029144
142.718445
301.941742
108.737869
62.135925
52.427185
73.786407
40.776699
91.262138
38.834953
109.708740
43.689323
126.213593
53.398060
162.135925
53.398060
190.291275
43.689323
219.417480
42.718449
247.572815
54.368935
265.048553
75.728157
139.805832
81.553398
136.893204
102.912621
133.009720
123.300972
129.126221
144.660202
107.766991
163.106796
119.417480
168.932037
133.009720
172.815536
149.514572
170.873795
166.019424
168.932037
74.757286
86.407768
86.407768
77.669907
102.912621
78.640778
115.533981
88.349518
100.970879
90.291267
86.407768
90.291267
186.407776
93.203888
203.883499
85.436897
221.359222
86.407768
235.922333
96.116508
220.388351
99.029129
201.941757
97.087379
89.320389
209.708740
100.970879
191.262146
117.475731
187.378647
132.038834
191.262146
147.572815
189.320389
167.961166
197.087387
188.349518
218.446609
164.077667
223.300980
142.718445
226.213593
127.184471
226.213593
111.650490
224.271851
97.087379
217.475739
95.145638
206.796127
116.504860
204.854370
131.067963
206.796127
146.601944
207.766998
180.582535
215.533981
143.689331
209.708740
128.155350
208.737869
113.592239
206.796127
