52.427185
92.233009
49.514565
119.417480
48.543690
149.514572
49.514565
179.611649
54.368935
210.679611
66.990295
239.805832
85.436897
266.019440
107.766991
287.378662
139.805832
296.116516
177.669907
299.029144
214.563110
287.378662
245.631073
267.961182
271.844666
240.776703
288.349518
211.650497
298.058258
178.640778
303.883514
144.660202
306.796112
110.679611
65.048546
56.310680
79.611656
41.747574
99.029129
40.776699
119.417480
46.601944
136.893204
56.310680
173.786407
56.310680
200.970886
45.631069
230.097092
42.718449
258.252441
53.398060
274.757294
76.699028
152.427185
83.495148
150.485443
104.854370
147.572815
126.213593
144.660202
147.572815
119.417480
165.048553
132.038834
169.902924
145.631073
173.786407
162.135925
170.873795
178.640778
168.932037
81.553398
87.378647
95.145638
78.640778
111.650490
79.611656
126.213593
91.262138
110.679611
93.203888
94.174759
92.233009
197.087387
95.145638
214.563110
85.436897
233.009720
85.436897
247.572815
96.116508
233.009720
100.000000
214.563110
99.029129
100.000000
211.650497
113.592239
194.174759
131.067963
187.378647
143.689331
191.262146
160.194183
189.320389
179.611649
198.058258
199.029129
217.475739
177.669907
223.300980
157.281555
227.184479
140.776703
228.155350
126.213593
226.213593
109.708740
219.417480
105.825249
209.708740
129.126221
204.854370
143.689331
206.796127
159.223312
205.825241
191.262146
214.563110
157.281555
211.650497
141.747574
211.650497
127.184471
210.679611
