35.922333
94.174759
33.009708
125.242722
33.009708
157.281555
35.922333
190.291275
45.631069
223.300980
62.135925
253.398071
85.436897
276.699036
110.679611
295.145630
145.631073
300.000000
179.611649
300.000000
210.679611
287.378662
234.951462
266.019440
254.368942
237.864090
265.048553
207.766998
272.815552
176.699036
279.611664
143.689331
281.553406
112.621361
58.252430
59.223301
74.757286
46.601944
97.087379
45.631069
118.446602
52.427185
137.864075
64.077675
173.786407
66.019417
198.058258
54.368935
224.271851
50.485439
249.514572
59.223301
262.135925
82.524277
155.339813
92.233009
155.339813
113.592239
155.339813
133.980591
155.339813
155.339813
124.271851
173.786407
137.864075
177.669907
153.398056
180.582535
167.961166
177.669907
182.524277
175.728165
75.728157
91.262138
89.320389
83.495148
106.796120
85.436897
121.359230
96.116508
105.825249
98.058258
88.349518
98.058258
195.145630
100.000000
211.650497
90.291267
228.155350
91.262138
239.805832
101.941750
228.155350
105.825249
210.679611
103.883499
104.854370
215.533981
120.388351
201.941757
137.864075
195.145630
151.456314
198.058258
166.019424
195.145630
182.524277
201.941757
196.116516
219.417480
180.582535
223.300980
166.019424
226.213593
150.485443
227.184479
134.951462
226.213593
119.417480
222.330109
111.650490
213.592239
137.864075
207.766998
150.485443
208.737869
166.019424
207.766998
190.291275
216.504868
166.019424
210.679611
150.485443
211.650497
136.893204
209.708740
