3.883495
98.058258
4.854369
133.009720
7.766991
168.932037
16.504854
203.883499
31.067963
234.951462
52.427185
263.106812
80.582527
283.495148
111.650490
300.000000
146.601944
304.854370
178.640778
302.912628
200.970886
286.407776
220.388351
262.135925
235.922333
232.038849
245.631073
199.029129
253.398071
167.961166
255.339813
134.951462
253.398071
102.912621
42.718449
63.106796
62.135925
48.543690
87.378647
46.601944
112.621361
54.368935
134.951462
65.048546
172.815536
66.990295
195.145630
58.252430
219.417480
54.368935
239.805832
60.194176
250.485443
80.582527
154.368942
96.116508
156.310684
118.446602
158.252426
139.805832
160.194183
162.135925
122.330101
177.669907
138.834961
181.553406
155.339813
185.436905
170.873795
182.524277
185.436905
179.611649
66.990295
94.174759
81.553398
86.407768
100.000000
87.378647
113.592239
98.058258
99.029129
100.000000
80.582527
100.000000
186.407776
101.941750
200.000000
92.233009
217.475739
93.203888
229.126221
101.941750
217.475739
106.796120
200.970886
105.825249
99.029129
222.330109
118.446602
203.883499
138.834961
196.116516
154.368942
200.000000
169.902924
196.116516
184.466019
202.912628
194.174759
221.359222
183.495148
231.067963
169.902924
236.893204
153.398056
238.834961
136.893204
236.893204
117.475731
232.038849
107.766991
220.388351
137.864075
210.679611
154.368942
211.650497
168.932037
210.679611
187.378647
218.446609
168.932037
218.446609
153.398056
220.388351
136.893204
218.446609
