9.708738
98.058258
11.650486
133.980591
15.533981
171.844666
25.242720
207.766998
43.689323
238.834961
68.932037
266.019440
99.029129
287.378662
132.038834
304.854370
166.990295
307.766998
198.058258
303.883514
218.446609
284.466034
233.980591
258.252441
247.572815
226.213593
257.281555
195.145630
266.019440
165.048553
266.990295
133.980591
264.077667
102.912621
58.252430
59.223301
79.611656
47.572819
104.854370
46.601944
130.097092
52.427185
151.456314
62.135925
195.145630
65.048546
214.563110
57.281555
233.980591
53.398060
252.427185
59.223301
259.223297
73.786407
172.815536
96.116508
176.699036
117.475731
180.582535
137.864075
184.466019
159.223312
144.660202
176.699036
161.165054
181.553406
177.669907
185.436905
192.233017
181.553406
204.854370
176.699036
83.495148
93.203888
99.029129
86.407768
117.475731
86.407768
132.038834
97.087379
117.475731
100.000000
99.029129
100.000000
198.058258
100.970879
213.592239
92.233009
230.097092
93.203888
240.776703
100.970879
230.097092
105.825249
214.563110
104.854370
120.388351
223.300980
141.747574
205.825241
162.135925
198.058258
174.757294
201.941757
188.349518
198.058258
202.912628
204.854370
210.679611
220.388351
200.970886
230.097092
188.349518
237.864090
173.786407
238.834961
160.194183
237.864090
140.776703
233.009720
128.155350
221.359222
162.135925
209.708740
174.757294
209.708740
187.378647
209.708740
204.854370
218.446609
187.378647
221.359222
173.786407
223.300980
160.194183
222.330109
