-18.446602
101.941750
-16.504854
137.864075
-12.621360
173.786407
-3.883495
207.766998
14.563107
238.834961
39.805828
264.077667
71.844666
282.524292
106.796120
297.087372
142.718445
300.000000
171.844666
296.116516
191.262146
278.640778
204.854370
253.398071
216.504868
222.330109
224.271851
190.291275
232.038849
161.165054
233.980591
131.067963
231.067963
104.854370
33.980583
66.990295
54.368935
52.427185
80.582527
47.572819
105.825249
52.427185
131.067963
61.165051
169.902924
65.048546
188.349518
57.281555
206.796127
53.398060
223.300980
57.281555
231.067963
70.873787
150.485443
95.145638
154.368942
116.504860
159.223312
135.922333
163.106796
156.310684
123.300972
176.699036
140.776703
179.611649
157.281555
182.524277
169.902924
178.640778
181.553406
174.757294
62.135925
95.145638
75.728157
86.407768
93.203888
85.436897
107.766991
98.058258
92.233009
100.970879
74.757286
100.000000
171.844666
98.058258
186.407776
87.378647
201.941757
87.378647
212.621368
96.116508
202.912628
100.970879
187.378647
100.970879
97.087379
219.417480
120.388351
205.825241
141.747574
198.058258
155.339813
200.970886
166.990295
197.087387
180.582535
201.941757
190.291275
213.592239
180.582535
221.359222
167.961166
227.184479
155.339813
229.126221
140.776703
230.097092
120.388351
228.155350
104.854370
218.446609
140.776703
210.679611
155.339813
211.650497
166.990295
210.679611
186.407776
212.621368
166.990295
213.592239
155.339813
215.533981
140.776703
215.533981
