-13.592234
96.116508
-11.650486
133.009720
-8.737864
168.932037
-0.970874
204.854370
16.504854
238.834961
43.689323
265.048553
78.640778
284.466034
115.533981
299.029144
152.427185
300.970886
183.495148
296.116516
200.970886
276.699036
214.563110
248.543701
222.330109
216.504868
230.097092
186.407776
235.922333
158.252426
236.893204
130.097092
233.980591
104.854370
42.718449
66.019417
65.048546
51.456310
92.233009
47.572819
118.446602
53.398060
142.718445
63.106796
178.640778
64.077675
194.174759
56.310680
210.679611
50.485439
226.213593
53.398060
233.980591
65.048546
162.135925
94.174759
166.990295
114.563110
172.815536
133.009720
177.669907
153.398056
137.864075
174.757294
153.398056
177.669907
167.961166
181.553406
180.582535
179.611649
190.291275
174.757294
73.786407
93.203888
87.378647
83.495148
104.854370
83.495148
118.446602
98.058258
103.883499
100.000000
87.378647
100.000000
181.553406
100.000000
196.116516
86.407768
211.650497
85.436897
219.417480
97.087379
212.621368
102.912621
198.058258
102.912621
112.621361
222.330109
133.980591
209.708740
153.398056
205.825241
165.048553
211.650497
175.728165
208.737869
184.466019
213.592239
190.291275
225.242722
182.524277
226.213593
173.786407
226.213593
163.106796
226.213593
149.514572
224.271851
132.038834
224.271851
120.388351
220.388351
151.456314
218.446609
164.077667
221.359222
175.728165
221.359222
184.466019
223.300980
173.786407
213.592239
163.106796
213.592239
150.485443
211.650497
