14.563107
105.825249
18.446602
141.747574
23.300972
177.669907
33.009708
211.650497
50.485439
241.747574
74.757286
267.961182
102.912621
290.291260
134.951462
303.883514
168.932037
306.796112
198.058258
300.970886
219.417480
281.553406
233.980591
255.339813
245.631073
224.271851
256.310699
194.174759
263.106812
165.048553
265.048553
135.922333
263.106812
106.796120
59.223301
73.786407
80.582527
62.135925
103.883499
60.194176
129.126221
65.048546
151.456314
73.786407
191.262146
72.815536
211.650497
64.077675
231.067963
59.223301
249.514572
62.135925
257.281555
77.669907
170.873795
101.941750
174.757294
125.242722
178.640778
146.601944
182.524277
168.932037
145.631073
185.436905
162.135925
189.320389
177.669907
193.203888
192.233017
188.349518
203.883499
182.524277
85.436897
103.883499
100.000000
96.116508
117.475731
96.116508
131.067963
105.825249
117.475731
109.708740
100.000000
109.708740
199.029129
106.796120
212.621368
95.145638
229.126221
95.145638
239.805832
103.883499
230.097092
109.708740
214.563110
109.708740
118.446602
228.155350
139.805832
213.592239
162.135925
205.825241
177.669907
208.737869
193.203888
203.883499
206.796127
207.766998
215.533981
222.330109
207.766998
232.038849
194.174759
240.776703
177.669907
243.689331
161.165054
243.689331
139.805832
239.805832
126.213593
227.184479
162.135925
217.475739
177.669907
217.475739
193.203888
215.533981
209.708740
221.359222
192.233017
225.242722
176.699036
227.184479
160.194183
227.184479
