-11.650486
94.174759
-8.737864
132.038834
-5.825243
170.873795
2.912621
207.766998
23.300972
241.747574
54.368935
266.990295
90.291267
285.436890
129.126221
299.029144
167.961166
300.970886
198.058258
293.203888
214.563110
267.961182
226.213593
237.864090
233.009720
206.796127
237.864090
178.640778
242.718460
152.427185
241.747574
125.242722
235.922333
100.000000
55.339806
62.135925
77.669907
48.543690
104.854370
46.601944
130.097092
52.427185
152.427185
63.106796
182.524277
63.106796
197.087387
55.339806
210.679611
49.514565
225.242722
51.456310
233.009720
62.135925
169.902924
93.203888
175.728165
113.592239
182.524277
132.038834
189.320389
152.427185
146.601944
173.786407
164.077667
176.699036
179.611649
179.611649
191.262146
177.669907
201.941757
172.815536
81.553398
92.233009
98.058258
84.466019
114.563110
83.495148
127.184471
96.116508
114.563110
99.029129
98.058258
98.058258
184.466019
97.087379
198.058258
86.407768
213.592239
86.407768
222.330109
95.145638
214.563110
100.000000
200.000000
100.000000
128.155350
220.388351
148.543686
201.941757
166.990295
194.174759
176.699036
198.058258
185.436905
195.145630
194.174759
206.796127
198.058258
224.271851
191.262146
226.213593
184.466019
227.184479
174.757294
228.155350
164.077667
226.213593
147.572815
224.271851
136.893204
217.475739
166.019424
214.563110
176.699036
215.533981
185.436905
215.533981
191.262146
221.359222
183.495148
209.708740
174.757294
209.708740
165.048553
208.737869
