-11.650486
99.029129
-7.766991
138.834961
-3.883495
177.669907
6.796117
214.563110
30.097088
246.601944
64.077675
270.873779
100.970879
287.378662
138.834961
298.058258
175.728165
298.058258
203.883499
289.320404
217.475739
266.019440
226.213593
237.864090
233.980591
208.737869
240.776703
180.582535
247.572815
153.398056
247.572815
125.242722
242.718460
99.029129
51.456310
67.961166
73.786407
51.456310
101.941750
46.601944
130.097092
51.456310
155.339813
61.165051
182.524277
62.135925
198.058258
53.398060
213.592239
48.543690
230.097092
51.456310
238.834961
64.077675
170.873795
91.262138
176.699036
111.650490
183.495148
131.067963
191.262146
151.456314
150.485443
172.815536
167.961166
175.728165
182.524277
176.699036
195.145630
173.786407
205.825241
167.961166
81.553398
92.233009
98.058258
84.466019
116.504860
83.495148
129.126221
95.145638
116.504860
98.058258
99.029129
98.058258
188.349518
97.087379
202.912628
85.436897
218.446609
85.436897
228.155350
95.145638
219.417480
99.029129
204.854370
98.058258
131.067963
221.359222
153.398056
200.970886
172.815536
191.262146
185.436905
193.203888
197.087387
189.320389
206.796127
194.174759
212.621368
211.650497
206.796127
217.475739
199.029129
222.330109
188.349518
225.242722
174.757294
226.213593
154.368942
225.242722
139.805832
218.446609
172.815536
202.912628
185.436905
201.941757
197.087387
200.000000
207.766998
209.708740
197.087387
208.737869
186.407776
210.679611
173.786407
210.679611
