-11.650486
100.970879
-7.766991
137.864075
-5.825243
173.786407
3.883495
210.679611
25.242720
242.718460
56.310680
266.990295
92.233009
284.466034
129.126221
298.058258
166.019424
299.029144
196.116516
291.262146
211.650497
268.932037
222.330109
239.805832
231.067963
208.737869
237.864090
178.640778
243.689331
150.485443
241.747574
122.330101
235.922333
98.058258
50.485439
65.048546
71.844666
50.485439
99.029129
45.631069
125.242722
49.514565
150.485443
60.194176
182.524277
61.165051
197.087387
52.427185
212.621368
46.601944
227.184479
48.543690
235.922333
59.223301
166.990295
90.291267
172.815536
110.679611
179.611649
129.126221
186.407776
148.543686
145.631073
171.844666
163.106796
173.786407
177.669907
176.699036
190.291275
173.786407
201.941757
168.932037
79.611656
93.203888
95.145638
86.407768
111.650490
85.436897
125.242722
96.116508
111.650490
99.029129
95.145638
99.029129
185.436905
96.116508
199.029129
86.407768
214.563110
85.436897
224.271851
94.174759
215.533981
99.029129
200.970886
99.029129
123.300972
219.417480
146.601944
203.883499
166.019424
196.116516
177.669907
199.029129
186.407776
195.145630
197.087387
201.941757
206.796127
213.592239
196.116516
219.417480
188.349518
223.300980
178.640778
225.242722
166.019424
224.271851
146.601944
224.271851
133.009720
217.475739
165.048553
211.650497
177.669907
211.650497
186.407776
211.650497
200.970886
213.592239
186.407776
207.766998
177.669907
208.737869
166.019424
207.766998
