15.533981
105.825249
18.446602
142.718445
23.300972
178.640778
33.980583
212.621368
54.368935
243.689331
82.524277
267.961182
114.563110
286.407776
148.543686
299.029144
184.466019
299.029144
213.592239
291.262146
232.038849
270.873779
244.660202
243.689331
255.339813
212.621368
264.077667
181.553406
269.902924
152.427185
267.961182
124.271851
263.106812
97.087379
61.165051
67.961166
82.524277
53.398060
108.737869
49.514565
134.951462
53.398060
158.252426
61.165051
202.912628
59.223301
219.417480
50.485439
235.922333
44.660194
251.456314
48.543690
258.252441
61.165051
181.553406
92.233009
187.378647
114.563110
193.203888
133.980591
199.029129
155.339813
157.281555
175.728165
175.728165
176.699036
192.233017
178.640778
205.825241
175.728165
217.475739
170.873795
90.291267
98.058258
105.825249
91.262138
123.300972
90.291267
138.834961
99.029129
124.271851
102.912621
105.825249
103.883499
202.912628
96.116508
216.504868
85.436897
233.009720
86.407768
242.718460
93.203888
233.980591
98.058258
218.446609
99.029129
134.951462
222.330109
157.281555
203.883499
178.640778
195.145630
191.262146
197.087387
205.825241
192.233017
218.446609
198.058258
226.213593
211.650497
217.475739
220.388351
206.796127
228.155350
192.233017
232.038849
177.669907
232.038849
156.310684
229.126221
143.689331
220.388351
177.669907
208.737869
191.262146
208.737869
204.854370
206.796127
219.417480
210.679611
205.825241
210.679611
191.262146
214.563110
177.669907
214.563110
