5.825243
103.883499
9.708738
140.776703
15.533981
176.699036
26.213593
211.650497
44.660194
242.718460
70.873787
267.961182
100.970879
287.378662
133.980591
300.970886
168.932037
303.883514
198.058258
298.058258
218.446609
280.582520
233.009720
254.368942
243.689331
223.300980
251.456314
192.233017
259.223297
161.165054
259.223297
128.155350
255.339813
98.058258
53.398060
63.106796
74.757286
51.456310
98.058258
49.514565
121.359230
55.339806
143.689331
63.106796
188.349518
62.135925
206.796127
53.398060
226.213593
48.543690
243.689331
50.485439
252.427185
65.048546
166.990295
94.174759
170.873795
115.533981
174.757294
135.922333
179.611649
156.310684
142.718445
176.699036
159.223312
179.611649
173.786407
182.524277
188.349518
179.611649
200.000000
174.757294
78.640778
100.000000
93.203888
93.203888
110.679611
92.233009
126.213593
100.000000
111.650490
103.883499
94.174759
104.854370
192.233017
98.058258
207.766998
90.291267
223.300980
90.291267
233.980591
97.087379
224.271851
101.941750
208.737869
101.941750
124.271851
223.300980
140.776703
203.883499
160.194183
195.145630
174.757294
197.087387
189.320389
194.174759
203.883499
200.000000
210.679611
216.504868
202.912628
225.242722
191.262146
232.038849
175.728165
233.980591
160.194183
233.980591
141.747574
230.097092
132.038834
220.388351
160.194183
207.766998
174.757294
207.766998
189.320389
207.766998
204.854370
214.563110
189.320389
214.563110
173.786407
216.504868
159.223312
216.504868
