0.000000
105.825249
2.912621
139.805832
8.737864
174.757294
18.446602
208.737869
33.980583
238.834961
56.310680
266.019440
84.466019
286.407776
113.592239
302.912628
147.572815
305.825256
179.611649
302.912628
203.883499
285.436890
222.330109
260.194183
238.834961
230.097092
248.543701
198.058258
256.310699
166.019424
260.194183
131.067963
259.223297
98.058258
37.864079
66.019417
58.252430
53.398060
81.553398
50.485439
105.825249
55.339806
128.155350
63.106796
169.902924
62.135925
191.262146
54.368935
213.592239
50.485439
234.951462
54.368935
246.601944
71.844666
149.514572
94.174759
152.427185
117.475731
155.339813
138.834961
158.252426
161.165054
122.330101
179.611649
137.864075
182.524277
154.368942
185.436905
168.932037
181.553406
183.495148
176.699036
64.077675
100.970879
77.669907
93.203888
95.145638
92.233009
109.708740
101.941750
95.145638
104.854370
77.669907
104.854370
181.553406
100.000000
196.116516
91.262138
212.621368
92.233009
225.242722
100.000000
213.592239
104.854370
197.087387
103.883499
102.912621
226.213593
119.417480
205.825241
137.864075
197.087387
154.368942
200.970886
169.902924
196.116516
185.436905
201.941757
197.087387
219.417480
186.407776
228.155350
171.844666
234.951462
155.339813
237.864090
137.864075
237.864090
119.417480
233.009720
111.650490
223.300980
137.864075
210.679611
154.368942
210.679611
169.902924
209.708740
190.291275
216.504868
169.902924
219.417480
154.368942
221.359222
137.864075
221.359222
