0.970874
100.000000
3.883495
134.951462
8.737864
170.873795
17.475729
205.825241
32.038837
235.922333
54.368935
263.106812
81.553398
283.495148
111.650490
299.029144
144.660202
302.912628
175.728165
299.029144
200.000000
283.495148
218.446609
261.165070
234.951462
232.038849
243.689331
200.000000
251.456314
167.961166
256.310699
133.980591
255.339813
100.000000
33.980583
66.990295
51.456310
50.485439
75.728157
47.572819
100.970879
53.398060
125.242722
62.135925
163.106796
63.106796
186.407776
53.398060
210.679611
49.514565
233.009720
55.339806
245.631073
74.757286
143.689331
92.233009
145.631073
114.563110
147.572815
135.922333
148.543686
158.252426
114.563110
176.699036
130.097092
179.611649
146.601944
183.495148
162.135925
179.611649
177.669907
175.728165
58.252430
96.116508
71.844666
87.378647
89.320389
87.378647
105.825249
98.058258
89.320389
100.970879
71.844666
100.970879
177.669907
99.029129
193.203888
89.320389
210.679611
89.320389
224.271851
98.058258
210.679611
102.912621
193.203888
101.941750
95.145638
222.330109
110.679611
203.883499
130.097092
195.145630
147.572815
199.029129
162.135925
195.145630
179.611649
201.941757
192.233017
220.388351
179.611649
230.097092
165.048553
237.864090
148.543686
239.805832
129.126221
238.834961
110.679611
231.067963
102.912621
219.417480
130.097092
208.737869
147.572815
209.708740
163.106796
208.737869
185.436905
218.446609
163.106796
219.417480
147.572815
221.359222
129.126221
220.388351
