14.563107
106.796120
16.504854
143.689331
22.330097
180.582535
33.009708
215.533981
51.456310
245.631073
75.728157
271.844666
102.912621
293.203888
134.951462
308.737885
170.873795
309.708740
200.970886
302.912628
220.388351
282.524292
233.980591
255.339813
245.631073
224.271851
254.368942
193.203888
262.135925
163.106796
263.106812
133.009720
261.165070
101.941750
59.223301
74.757286
80.582527
64.077675
104.854370
64.077675
128.155350
70.873787
151.456314
79.611656
189.320389
78.640778
208.737869
69.902916
227.184479
64.077675
244.660202
65.048546
254.368942
78.640778
169.902924
107.766991
172.815536
131.067963
176.699036
152.427185
180.582535
173.786407
141.747574
190.291275
159.223312
194.174759
176.699036
197.087387
191.262146
193.203888
202.912628
187.378647
85.436897
106.796120
100.970879
100.000000
117.475731
100.970879
130.097092
111.650490
116.504860
113.592239
100.000000
112.621361
195.145630
110.679611
210.679611
100.000000
226.213593
99.029129
236.893204
105.825249
228.155350
112.621361
211.650497
112.621361
120.388351
232.038849
139.805832
216.504868
158.252426
208.737869
174.757294
212.621368
190.291275
207.766998
203.883499
213.592239
213.592239
227.184479
204.854370
235.922333
192.233017
243.689331
175.728165
246.601944
158.252426
245.631073
138.834961
240.776703
128.155350
231.067963
158.252426
225.242722
174.757294
224.271851
190.291275
223.300980
207.766998
227.184479
190.291275
223.300980
173.786407
226.213593
157.281555
225.242722
