-20.930233
108.139534
-19.767441
146.511627
-16.279070
184.883713
-8.139535
225.581390
5.813953
265.116272
32.558140
296.511627
68.604652
324.418610
108.139534
348.837189
154.651154
355.813934
197.674408
351.162781
231.395340
326.744171
259.302307
297.674408
280.232544
261.627899
291.860474
222.093018
298.837219
182.558136
301.162781
144.186050
298.837219
104.651161
16.279070
53.488373
38.372093
33.720928
68.604652
27.906977
100.000000
32.558140
129.069763
44.186047
175.581390
44.186047
203.488373
33.720928
234.883713
30.232557
263.953491
39.534882
279.069763
65.116280
153.488373
77.906975
155.813950
101.162788
156.976746
124.418602
159.302322
150.000000
116.279068
179.069763
136.046509
183.720932
154.651154
188.372086
173.255814
184.883713
190.697678
181.395340
47.674419
88.372093
65.116280
77.906975
84.883720
77.906975
104.651161
90.697670
83.720932
93.023254
63.953487
91.860466
195.348831
93.023254
213.953491
81.395348
234.883713
81.395348
251.162781
91.860466
234.883713
96.511627
215.116272
95.348839
74.418602
231.395340
103.488373
219.767441
136.046509
212.790695
154.651154
217.441864
174.418594
212.790695
202.325577
220.930222
225.581390
236.046509
203.488373
263.953491
176.744186
275.581390
155.813950
276.744171
133.720932
274.418610
102.325577
260.465118
82.558136
233.720932
134.883713
230.232559
154.651154
232.558136
174.418594
231.395340
217.441864
238.372086
175.581390
253.488373
154.651154
254.651154
133.720932
252.325577
