-18.604650
83.720932
-20.930233
122.093018
-22.093023
161.627899
-18.604650
201.162781
-5.813953
237.209305
19.767441
268.604645
51.162788
296.511627
84.883720
319.767426
122.093018
331.395355
158.139526
330.232544
187.209305
311.627899
211.627899
283.720917
232.558136
252.325577
246.511627
219.767441
258.139526
184.883713
265.116272
151.162781
265.116272
118.604652
29.069767
47.674419
53.488373
34.883720
83.720932
34.883720
109.302322
43.023254
134.883713
56.976742
181.395340
63.953487
204.651154
56.976742
229.069763
56.976742
250.000000
67.441856
258.139526
88.372093
154.651154
93.023254
154.651154
115.116280
154.651154
137.209305
154.651154
160.465118
112.790695
176.744186
129.069763
182.558136
144.186050
190.697678
160.465118
188.372086
175.581390
186.046509
60.465115
82.558136
76.744186
77.906975
94.186043
80.232559
109.302322
93.023254
91.860466
91.860466
74.418602
89.534882
184.883713
103.488373
202.325577
97.674416
219.767441
100.000000
232.558136
110.465111
218.604645
112.790695
201.162781
109.302322
63.953487
208.139526
93.023254
205.813950
123.255814
205.813950
140.697678
212.790695
158.139526
211.627899
180.232559
218.604645
198.837204
230.232559
176.744186
255.813950
152.325577
265.116272
133.720932
263.953491
113.953484
259.302307
87.209297
241.860458
70.930229
212.790695
120.930229
218.604645
139.534882
223.255814
155.813950
224.418594
190.697678
231.395340
153.488373
246.511627
136.046509
245.348831
117.441856
240.697678
