-13.953488
88.372093
-17.441860
123.255814
-19.767441
160.465118
-17.441860
198.837204
-5.813953
236.046509
18.604650
267.441864
48.837208
295.348846
82.558136
319.767426
120.930229
331.395355
158.139526
331.395355
186.046509
312.790680
209.302322
286.046509
230.232559
255.813950
244.186035
223.255814
255.813950
189.534882
260.465118
156.976746
261.627899
124.418602
39.534882
48.837208
62.790695
37.209301
90.697670
38.372093
116.279068
47.674419
139.534882
61.627907
182.558136
69.767441
204.651154
62.790695
227.906967
62.790695
247.674408
72.093025
255.813950
94.186043
156.976746
96.511627
156.976746
118.604652
155.813950
139.534882
155.813950
162.790695
115.116280
180.232559
130.232559
187.209305
146.511627
194.186050
161.627899
193.023254
176.744186
190.697678
65.116280
87.209297
81.395348
82.558136
98.837204
84.883720
111.627907
97.674416
95.348839
96.511627
77.906975
93.023254
184.883713
110.465111
202.325577
103.488373
218.604645
105.813950
230.232559
116.279068
217.441864
118.604652
201.162781
115.116280
66.279068
211.627899
96.511627
210.465118
125.581390
210.465118
143.023254
216.279068
160.465118
216.279068
181.395340
223.255814
197.674408
234.883713
175.581390
259.302307
153.488373
267.441864
134.883713
267.441864
115.116280
261.627899
88.372093
244.186035
73.255814
216.279068
123.255814
223.255814
141.860458
226.744186
158.139526
229.069763
189.534882
236.046509
155.813950
250.000000
138.372086
248.837204
119.767441
244.186035
