-10.465117
77.906975
-15.116279
118.604652
-16.279070
160.465118
-12.790697
200.000000
-1.162791
237.209305
23.255814
269.767426
52.325581
298.837219
83.720932
323.255798
120.930229
336.046509
155.813950
336.046509
183.720932
316.279053
208.139526
289.534882
231.395340
260.465118
248.837204
229.069763
261.627899
194.186050
269.767426
159.302322
274.418610
125.581390
45.348835
50.000000
69.767441
38.372093
97.674416
39.534882
124.418602
48.837208
147.674423
65.116280
190.697678
70.930229
212.790695
65.116280
237.209305
66.279068
256.976746
77.906975
262.790680
100.000000
163.953491
97.674416
162.790695
120.930229
161.627899
141.860458
160.465118
166.279068
118.604652
181.395340
133.720932
188.372086
150.000000
195.348831
165.116272
194.186050
180.232559
193.023254
73.255814
84.883720
89.534882
81.395348
106.976746
83.720932
119.767441
96.511627
103.488373
95.348839
86.046509
91.860466
190.697678
110.465111
208.139526
103.488373
225.581390
106.976746
237.209305
118.604652
223.255814
119.767441
206.976746
116.279068
69.767441
212.790695
98.837204
211.627899
129.069763
211.627899
145.348831
218.604645
162.790695
217.441864
184.883713
225.581390
201.162781
237.209305
177.906967
262.790680
154.651154
270.930237
136.046509
269.767426
117.441856
263.953491
91.860466
246.511627
76.744186
217.441864
125.581390
224.418594
143.023254
229.069763
160.465118
231.395340
194.186050
238.372086
156.976746
251.162781
139.534882
250.000000
120.930229
245.348831
