-6.976744
87.209297
-12.790697
123.255814
-13.953488
162.790695
-11.627907
201.162781
0.000000
237.209305
24.418604
268.604645
52.325581
296.511627
82.558136
320.930237
118.604652
333.720917
152.325577
334.883728
180.232559
317.441864
203.488373
291.860474
225.581390
262.790680
240.697678
231.395340
254.651154
198.837204
261.627899
165.116272
265.116272
132.558136
44.186047
55.813953
68.604652
43.023254
96.511627
44.186047
122.093018
53.488373
145.348831
68.604652
183.720932
77.906975
208.139526
70.930229
231.395340
70.930229
252.325577
80.232559
259.302307
102.325577
159.302322
103.488373
159.302322
125.581390
158.139526
146.511627
156.976746
168.604645
115.116280
184.883713
131.395340
190.697678
146.511627
197.674408
161.627899
196.511627
176.744186
195.348831
69.767441
91.860466
86.046509
86.046509
104.651161
89.534882
118.604652
102.325577
101.162788
101.162788
83.720932
97.674416
187.209305
115.116280
204.651154
108.139534
222.093018
110.465111
233.720932
120.930229
219.767441
123.255814
203.488373
119.767441
69.767441
213.953491
95.348839
211.627899
124.418602
212.790695
141.860458
219.767441
156.976746
218.604645
179.069763
225.581390
196.511627
238.372086
173.255814
262.790680
151.162781
270.930237
132.558136
269.767426
113.953484
263.953491
89.534882
246.511627
76.744186
218.604645
122.093018
225.581390
139.534882
230.232559
155.813950
231.395340
189.534882
238.372086
152.325577
252.325577
136.046509
251.162781
117.441856
245.348831
