22.093023
93.023254
17.441860
129.069763
13.953488
166.279068
16.279070
202.325577
26.744186
238.372086
48.837208
268.604645
75.581390
296.511627
106.976746
320.930237
144.186050
332.558136
177.906967
332.558136
206.976746
313.953491
231.395340
288.372101
251.162781
258.139526
263.953491
226.744186
275.581390
195.348831
281.395355
163.953491
284.883728
133.720932
72.093025
58.139534
94.186043
47.674419
119.767441
48.837208
143.023254
58.139534
165.116272
73.255814
203.488373
80.232559
227.906967
74.418602
251.162781
74.418602
270.930237
84.883720
277.906982
105.813950
180.232559
106.976746
180.232559
127.906975
180.232559
147.674423
179.069763
169.767441
137.209305
186.046509
153.488373
191.860458
167.441864
198.837204
182.558136
197.674408
197.674408
196.511627
91.860466
96.511627
108.139534
93.023254
125.581390
96.511627
138.372086
106.976746
123.255814
106.976746
105.813950
103.488373
208.139526
119.767441
225.581390
115.116280
241.860458
117.441856
252.325577
127.906975
240.697678
127.906975
224.418594
125.581390
94.186043
216.279068
122.093018
213.953491
150.000000
213.953491
163.953491
219.767441
179.069763
219.767441
200.000000
227.906967
216.279068
239.534882
195.348831
263.953491
174.418594
272.093018
156.976746
269.767426
139.534882
265.116272
115.116280
248.837204
101.162788
220.930222
147.674423
225.581390
161.627899
230.232559
177.906967
231.395340
208.139526
240.697678
175.581390
252.325577
159.302322
251.162781
144.186050
246.511627
