9.302325
89.534882
5.813953
125.581390
4.651163
163.953491
6.976744
201.162781
17.441860
238.372086
40.697674
270.930237
69.767441
296.511627
102.325577
319.767426
140.697678
331.395355
175.581390
329.069763
203.488373
306.976746
225.581390
280.232544
244.186035
248.837204
256.976746
217.441864
268.604645
184.883713
273.255798
153.488373
275.581390
122.093018
55.813953
56.976742
80.232559
47.674419
106.976746
51.162788
130.232559
60.465115
151.162781
75.581390
193.023254
80.232559
213.953491
74.418602
233.720932
73.255814
253.488373
79.069763
263.953491
95.348839
168.604645
108.139534
167.441864
129.069763
167.441864
148.837204
166.279068
170.930237
127.906975
186.046509
143.023254
191.860458
156.976746
198.837204
172.093018
197.674408
187.209305
195.348831
80.232559
96.511627
96.511627
93.023254
113.953484
96.511627
126.744186
108.139534
110.465111
106.976746
94.186043
103.488373
197.674408
119.767441
213.953491
115.116280
231.395340
117.441856
243.023254
126.744186
230.232559
127.906975
213.953491
125.581390
84.883720
217.441864
111.627907
213.953491
139.534882
212.790695
153.488373
219.767441
169.767441
217.441864
190.697678
225.581390
205.813950
238.372086
186.046509
261.627899
163.953491
270.930237
147.674423
269.767426
130.232559
265.116272
105.813950
248.837204
90.697670
222.093018
137.209305
226.744186
152.325577
230.232559
167.441864
231.395340
198.837204
238.372086
166.279068
251.162781
150.000000
251.162781
133.720932
246.511627
