-1.162791
100.000000
-4.651163
133.720932
-4.651163
169.767441
-1.162791
206.976746
10.465117
241.860458
32.558140
272.093018
60.465115
296.511627
90.697670
318.604645
125.581390
327.906982
159.302322
326.744171
186.046509
309.302307
209.302322
284.883728
227.906967
255.813950
240.697678
224.418594
250.000000
191.860458
255.813950
159.302322
255.813950
127.906975
43.023254
60.465115
66.279068
52.325581
90.697670
54.651161
113.953484
62.790695
134.883713
74.418602
177.906967
80.232559
197.674408
74.418602
219.767441
72.093025
239.534882
77.906975
250.000000
96.511627
152.325577
108.139534
152.325577
129.069763
152.325577
148.837204
152.325577
169.767441
115.116280
187.209305
130.232559
191.860458
144.186050
197.674408
158.139526
196.511627
173.255814
195.348831
66.279068
100.000000
81.395348
95.348839
98.837204
96.511627
112.790695
108.139534
96.511627
108.139534
79.069763
105.813950
182.558136
118.604652
197.674408
111.627907
215.116272
112.790695
227.906967
122.093018
213.953491
124.418602
197.674408
122.093018
73.255814
220.930222
98.837204
215.116272
124.418602
212.790695
140.697678
219.767441
155.813950
217.441864
179.069763
225.581390
195.348831
237.209305
175.581390
260.465118
153.488373
269.767426
136.046509
268.604645
117.441856
263.953491
94.186043
248.837204
80.232559
223.255814
123.255814
226.744186
139.534882
230.232559
154.651154
231.395340
188.372086
238.372086
153.488373
250.000000
137.209305
250.000000
119.767441
245.348831
