-18.139536
72.558144
-18.139536
114.418610
-16.744186
157.674423
-12.558140
200.930237
1.395349
241.395355
29.302326
277.674438
61.395351
309.767456
99.069771
336.279083
140.930237
346.046539
182.790710
341.860474
214.883728
316.744202
242.790710
287.441864
265.116302
252.558151
279.069763
214.883728
288.837219
174.418610
294.418610
133.953491
297.209320
94.883728
25.116280
41.860466
48.837212
25.116280
79.534889
20.930233
108.837212
27.906979
136.744186
41.860466
182.790710
47.441864
210.697678
37.674419
240.000015
34.883720
265.116302
44.651165
280.465118
68.372093
157.674423
76.744186
157.674423
103.255821
159.069778
126.976746
159.069778
153.488373
117.209305
175.813965
135.348846
181.395355
153.488373
186.976746
170.232559
184.186050
188.372101
181.395355
58.604652
73.953491
75.348839
66.976746
94.883728
68.372093
111.627914
80.930237
93.488373
80.930237
73.953491
79.534889
193.953491
87.906982
213.488373
78.139542
234.418610
79.534889
249.767456
90.697678
233.023270
93.488373
213.488373
90.697678
71.162796
216.279083
100.465118
210.697678
131.162796
207.906982
150.697678
213.488373
168.837219
210.697678
196.744186
219.069778
220.465118
231.627914
193.953491
259.534882
167.441864
270.697693
146.511627
270.697693
124.186050
266.511627
96.279076
251.162796
79.534889
220.465118
129.767441
223.255829
149.302338
226.046524
168.837219
226.046524
210.697678
233.023270
167.441864
249.767456
147.906982
251.162796
126.976746
245.581406
