16.279070
76.744186
16.279070
108.139534
18.604650
141.860458
23.255814
175.581390
33.720928
206.976746
54.651161
236.046509
81.395348
261.627899
112.790695
282.558136
147.674423
290.697662
181.395340
288.372101
209.302322
269.767426
233.720932
245.348831
252.325577
217.441864
263.953491
186.046509
272.093018
153.488373
276.744171
122.093018
279.069763
90.697670
47.674419
33.720928
68.604652
22.093023
93.023254
20.930233
116.279068
26.744186
138.372086
37.209301
182.558136
39.534882
205.813950
31.395348
229.069763
29.069767
251.162781
37.209301
265.116272
55.813953
159.302322
68.604652
159.302322
89.534882
158.139526
109.302322
158.139526
130.232559
124.418602
150.000000
138.372086
154.651154
153.488373
158.139526
168.604645
155.813950
183.720932
154.651154
73.255814
68.604652
88.372093
62.790695
105.813950
63.953487
119.767441
75.581390
103.488373
76.744186
86.046509
74.418602
195.348831
81.395348
210.465118
72.093025
227.906967
72.093025
240.697678
80.232559
227.906967
84.883720
211.627899
83.720932
89.534882
184.883713
112.790695
180.232559
137.209305
176.744186
154.651154
182.558136
172.093018
179.069763
194.186050
186.046509
213.953491
196.511627
193.023254
219.767441
170.930237
229.069763
152.325577
230.232559
132.558136
226.744186
109.302322
213.953491
95.348839
188.372086
136.046509
189.534882
153.488373
191.860458
170.930237
191.860458
205.813950
197.674408
170.930237
211.627899
153.488373
211.627899
134.883713
209.302322
