12.790697
108.139534
15.116279
138.372086
17.441860
172.093018
22.093023
206.976746
33.720928
241.860458
56.976742
270.930237
83.720932
296.511627
115.116280
317.441864
151.162781
325.581390
187.209305
322.093018
215.116272
302.325562
238.372086
276.744171
259.302307
247.674408
270.930237
215.116272
277.906982
181.395340
283.720917
147.674423
283.720917
113.953484
44.186047
63.953487
62.790695
52.325581
84.883720
50.000000
108.139534
54.651161
131.395340
63.953487
179.069763
63.953487
201.162781
55.813953
225.581390
53.488373
248.837204
60.465115
261.627899
81.395348
153.488373
95.348839
154.651154
116.279068
154.651154
137.209305
154.651154
159.302322
122.093018
180.232559
137.209305
183.720932
152.325577
188.372086
167.441864
184.883713
182.558136
182.558136
68.604652
98.837204
83.720932
91.860466
100.000000
93.023254
113.953484
103.488373
98.837204
103.488373
81.395348
102.325577
191.860458
105.813950
208.139526
97.674416
225.581390
97.674416
239.534882
105.813950
225.581390
109.302322
209.302322
108.139534
87.209297
217.441864
109.302322
211.627899
134.883713
206.976746
153.488373
211.627899
169.767441
208.139526
195.348831
215.116272
216.279068
224.418594
195.348831
248.837204
170.930237
259.302307
152.325577
259.302307
132.558136
256.976746
108.139534
244.186035
93.023254
219.767441
134.883713
219.767441
153.488373
222.093018
170.930237
220.930222
209.302322
225.581390
169.767441
241.860458
152.325577
243.023254
133.720932
239.534882
