21.290323
115.161293
22.258064
146.129044
26.129032
178.064514
31.935484
210.000000
43.548389
242.903229
65.806450
269.032257
95.806458
292.258087
129.677429
312.580658
167.419357
318.387115
202.258072
312.580658
230.322586
291.290344
254.516144
266.129028
272.903229
237.096786
284.516144
205.161301
291.290344
172.258072
293.225830
140.322586
290.322601
109.354843
54.193550
63.870968
72.580650
49.354839
97.741936
45.483871
122.903229
49.354839
146.129044
59.032261
183.870972
60.000000
207.096786
50.322582
231.290329
47.419357
254.516144
53.225807
270.000000
69.677422
166.451614
87.096779
168.387100
106.451614
170.322586
125.806458
171.290329
146.129044
136.451614
173.225815
152.903229
176.129044
168.387100
179.032257
182.903229
176.129044
197.419357
174.193558
78.387100
96.774193
92.903229
89.032257
110.322586
89.032257
125.806458
97.741936
110.322586
99.677422
93.870972
99.677422
201.290329
99.677422
218.709686
90.967743
235.161301
90.967743
248.709686
99.677422
236.129044
102.580650
219.677429
101.612907
100.645164
215.806458
125.806458
205.161301
151.935486
199.354843
168.387100
203.225815
184.838715
199.354843
209.032257
207.096786
227.419357
218.709686
208.064529
242.903229
184.838715
252.580658
167.419357
254.516144
149.032257
251.612915
123.870972
240.967743
108.387100
217.741943
151.935486
214.838715
167.419357
215.806458
184.838715
214.838715
219.677429
220.645172
183.870972
233.225815
167.419357
234.193558
150.000000
233.225815
