23.255814
103.488373
23.255814
134.883713
25.581394
168.604645
30.232557
202.325577
40.697674
237.209305
62.790695
268.604645
90.697670
295.348846
123.255814
317.441864
160.465118
324.418610
196.511627
320.930237
226.744186
301.162781
252.325577
274.418610
272.093018
243.023254
283.720917
210.465118
291.860474
175.581390
295.348846
144.186050
295.348846
112.790695
53.488373
60.465115
73.255814
46.511627
97.674416
43.023254
122.093018
48.837208
144.186050
59.302326
189.534882
60.465115
213.953491
50.000000
239.534882
47.674419
265.116272
55.813953
277.906982
79.069763
166.279068
90.697670
167.441864
111.627907
167.441864
132.558136
167.441864
154.651154
132.558136
175.581390
147.674423
180.232559
163.953491
184.883713
180.232559
181.395340
196.511627
179.069763
77.906975
94.186043
93.023254
87.209297
111.627907
88.372093
126.744186
98.837204
110.465111
101.162788
93.023254
100.000000
204.651154
102.325577
220.930222
93.023254
238.372086
93.023254
253.488373
102.325577
239.534882
105.813950
222.093018
104.651161
94.186043
213.953491
120.930229
206.976746
147.674423
204.651154
165.116272
209.302322
181.395340
205.813950
205.813950
210.465118
227.906967
222.093018
205.813950
245.348831
181.395340
255.813950
162.790695
256.976746
143.023254
254.651154
117.441856
241.860458
102.325577
216.279068
146.511627
217.441864
163.953491
219.767441
181.395340
218.604645
219.767441
223.255814
181.395340
238.372086
162.790695
239.534882
145.348831
236.046509
