4.651163
95.348839
4.651163
129.069763
6.976744
165.116272
10.465117
202.325577
23.255814
238.372086
48.837208
269.767426
81.395348
297.674408
117.441856
320.930237
156.976746
329.069763
195.348831
324.418610
223.255814
303.488373
246.511627
276.744171
263.953491
244.186035
276.744171
210.465118
284.883728
175.581390
288.372101
141.860458
286.046509
109.302322
46.511627
44.186047
70.930229
32.558140
97.674416
33.720928
124.418602
39.534882
146.511627
52.325581
191.860458
53.488373
213.953491
45.348835
237.209305
43.023254
259.302307
48.837208
270.930237
66.279068
168.604645
84.883720
169.767441
105.813950
170.930237
126.744186
172.093018
148.837204
131.395340
172.093018
148.837204
177.906967
165.116272
183.720932
181.395340
180.232559
196.511627
177.906967
73.255814
86.046509
89.534882
79.069763
106.976746
80.232559
123.255814
91.860466
106.976746
93.023254
88.372093
91.860466
203.488373
98.837204
222.093018
89.534882
239.534882
90.697670
252.325577
101.162788
239.534882
103.488373
222.093018
102.325577
88.372093
211.627899
116.279068
204.651154
147.674423
201.162781
163.953491
206.976746
181.395340
203.488373
205.813950
211.627899
225.581390
224.418594
203.488373
250.000000
180.232559
260.465118
160.465118
260.465118
140.697678
256.976746
113.953484
240.697678
95.348839
215.116272
145.348831
216.279068
162.790695
218.604645
181.395340
219.767441
217.441864
225.581390
180.232559
239.534882
161.627899
239.534882
143.023254
237.209305
