-12.790697
82.558136
-13.953488
122.093018
-12.790697
162.790695
-6.976744
203.488373
8.139535
243.023254
34.883720
276.744171
69.767441
303.488373
109.302322
327.906982
151.162781
338.372101
189.534882
334.883728
218.604645
310.465118
241.860458
281.395355
261.627899
247.674408
274.418610
212.790695
283.720917
176.744186
287.209290
141.860458
284.883728
108.139534
38.372093
41.860466
62.790695
25.581394
94.186043
23.255814
123.255814
31.395348
148.837204
45.348835
190.697678
50.000000
215.116272
41.860466
240.697678
39.534882
263.953491
48.837208
274.418610
72.093025
168.604645
81.395348
170.930237
104.651161
172.093018
126.744186
174.418594
150.000000
129.069763
172.093018
147.674423
177.906967
165.116272
183.720932
182.558136
181.395340
197.674408
179.069763
68.604652
77.906975
86.046509
70.930229
104.651161
73.255814
120.930229
87.209297
103.488373
86.046509
84.883720
83.720932
201.162781
96.511627
219.767441
87.209297
238.372086
88.372093
251.162781
98.837204
237.209305
101.162788
219.767441
98.837204
81.395348
210.465118
113.953484
204.651154
146.511627
202.325577
162.790695
208.139526
180.232559
205.813950
204.651154
213.953491
223.255814
225.581390
202.325577
253.488373
177.906967
263.953491
158.139526
263.953491
139.534882
260.465118
109.302322
244.186035
89.534882
213.953491
144.186050
217.441864
161.627899
219.767441
179.069763
220.930222
215.116272
226.744186
177.906967
241.860458
159.302322
243.023254
141.860458
238.372086
