6.774194
121.935486
3.870968
154.838715
4.838710
188.709686
9.677420
222.580658
22.258064
255.483871
46.451614
285.483887
76.451614
310.645172
108.387100
331.935486
145.161301
340.645172
176.129044
337.741943
200.322586
317.419373
220.645172
291.290344
238.064529
262.258087
249.677429
232.258072
258.387115
202.258072
261.290344
173.225815
259.354858
145.161301
57.096775
76.451614
78.387100
66.774193
103.548393
65.806450
128.709686
73.548386
150.967743
86.129036
187.741943
91.935486
209.032257
85.161293
231.290329
84.193550
250.645172
92.903229
257.419373
113.225807
167.419357
120.000000
169.354843
138.387100
171.290329
155.806458
173.225815
175.161301
131.612900
195.483871
148.064514
200.322586
162.580643
206.129044
177.096786
204.193558
189.677429
202.258072
80.322586
112.258064
95.806458
107.419357
112.258064
108.387100
124.838715
120.000000
110.322586
119.032265
94.838715
117.096779
193.548386
129.677429
209.032257
122.903229
224.516129
124.838715
235.161301
134.516129
223.548401
135.483871
209.032257
133.548386
89.032257
230.322586
117.096779
224.516129
145.161301
222.580658
159.677429
228.387100
175.161301
226.451614
194.516129
233.225815
208.064529
246.774200
190.645172
270.967743
172.258072
280.645172
154.838715
279.677429
137.419357
274.838715
112.258064
260.322601
96.774193
234.193558
143.225815
235.161301
158.709686
238.064529
174.193558
240.000000
201.290329
247.741943
173.225815
262.258087
156.774200
261.290344
140.322586
257.419373
