11.612904
110.322586
8.709678
148.064514
9.677420
187.741943
14.516129
226.451614
30.000000
263.225800
54.193550
295.161285
83.225807
322.258087
115.161293
344.516144
150.000000
354.193573
181.935486
349.354858
208.064529
325.161285
228.387100
297.096771
246.774200
267.096771
261.290344
236.129044
272.903229
204.193558
275.806458
174.193558
275.806458
146.129044
62.903229
72.580650
87.096779
61.935486
114.193550
60.967743
140.322586
69.677422
162.580643
84.193550
200.322586
89.032257
222.580658
82.258064
243.870972
81.290321
262.258087
91.935486
269.032257
111.290329
180.000000
118.064522
180.967743
137.419357
181.935486
156.774200
183.870972
176.129044
142.258072
195.483871
158.709686
201.290329
174.193558
207.096786
187.741943
205.161301
200.322586
203.225815
90.000000
108.387100
106.451614
103.548393
122.903229
106.451614
135.483871
118.064522
120.967743
117.096779
104.516129
114.193550
204.193558
129.677429
220.645172
121.935486
236.129044
123.870972
246.774200
134.516129
235.161301
134.516129
219.677429
132.580643
96.774193
235.161301
122.903229
226.451614
152.903229
223.548401
168.387100
228.387100
185.806458
227.419357
205.161301
236.129044
215.806458
251.612915
200.322586
279.677429
180.000000
293.225830
160.645172
294.193542
142.258072
289.354858
116.129036
270.967743
103.548393
238.064529
150.967743
236.129044
166.451614
239.032272
183.870972
240.967743
208.064529
251.612915
180.967743
273.870972
162.580643
274.838715
145.161301
270.967743
