15.483871
109.354843
11.612904
147.096771
10.645162
185.806458
14.516129
223.548401
28.064516
260.322601
52.258064
293.225830
82.258064
321.290344
114.193550
345.483887
150.967743
356.129028
182.903229
350.322601
206.129044
326.129028
226.451614
297.096771
246.774200
267.096771
262.258087
238.064529
272.903229
208.064529
275.806458
178.064514
274.838715
149.032257
63.870968
81.290321
87.096779
65.806450
116.129036
62.903229
145.161301
69.677422
170.322586
84.193550
205.161301
90.000000
228.387100
83.225807
250.645172
84.193550
270.000000
94.838715
275.806458
115.161293
184.838715
119.032265
185.806458
137.419357
188.709686
156.774200
190.645172
176.129044
146.129044
196.451614
162.580643
202.258072
177.096786
208.064529
192.580658
207.096786
205.161301
204.193558
94.838715
108.387100
111.290329
103.548393
127.741936
105.483871
141.290329
117.096779
126.774200
116.129036
109.354843
113.225807
208.064529
126.774200
224.516129
120.000000
240.000000
122.903229
249.677429
133.548386
238.064529
133.548386
223.548401
130.645172
98.709679
236.129044
126.774200
227.419357
158.709686
224.516129
173.225815
230.322586
189.677429
228.387100
210.000000
236.129044
219.677429
251.612915
204.193558
278.709686
182.903229
292.258087
165.483871
293.225830
148.064514
289.354858
120.000000
272.903229
106.451614
239.032272
155.806458
238.064529
171.290329
240.000000
186.774200
240.967743
212.903229
251.612915
184.838715
274.838715
167.419357
275.806458
151.935486
271.935486
