-15.483871
114.193550
-18.387096
151.935486
-20.322580
191.612915
-14.516129
229.354843
-0.967742
266.129028
23.225807
298.064514
53.225807
324.193573
84.193550
347.419373
119.032265
358.064514
150.967743
353.225830
175.161301
330.000000
195.483871
302.903229
213.870972
271.935486
229.354843
240.967743
241.935486
210.967743
245.806458
180.000000
245.806458
151.935486
43.548389
73.548386
65.806450
60.967743
92.903229
60.967743
118.064522
68.709679
141.290329
84.193550
178.064514
91.935486
198.387100
85.161293
218.709686
84.193550
237.096786
91.935486
243.870972
110.322586
156.774200
119.032265
157.741943
139.354843
158.709686
158.709686
159.677429
179.032257
115.161293
198.387100
131.612900
203.225815
148.064514
210.000000
163.548386
209.032257
177.096786
205.161301
64.838715
110.322586
81.290321
106.451614
98.709679
108.387100
112.258064
120.000000
95.806458
120.000000
79.354843
117.096779
180.967743
130.645172
197.419357
125.806458
211.935486
127.741936
222.580658
138.387100
210.967743
138.387100
195.483871
135.483871
67.741936
236.129044
94.838715
227.419357
125.806458
225.483871
142.258072
231.290329
156.774200
229.354843
177.096786
238.064529
189.677429
253.548401
172.258072
283.548401
150.967743
297.096771
133.548386
298.064514
114.193550
293.225830
87.096779
275.806458
73.548386
240.000000
122.903229
238.064529
140.322586
240.967743
154.838715
242.903229
181.935486
254.516144
152.903229
276.774200
136.451614
276.774200
118.064522
273.870972
