-17.475729
73.786407
-19.417477
113.592239
-21.359224
152.427185
-15.533981
191.262146
-1.941748
229.126221
22.330097
263.106812
51.456310
291.262146
83.495148
313.592255
120.388351
325.242737
153.398056
320.388367
178.640778
299.029144
202.912628
270.873779
224.271851
240.776703
241.747574
208.737869
255.339813
176.699036
260.194183
144.660202
260.194183
113.592239
41.747574
39.805828
66.990295
28.155340
97.087379
28.155340
125.242722
37.864079
148.543686
53.398060
180.582535
62.135925
201.941757
54.368935
223.300980
54.368935
241.747574
61.165051
250.485443
77.669907
162.135925
88.349518
162.135925
108.737869
163.106796
128.155350
164.077667
148.543686
120.388351
166.019424
136.893204
171.844666
152.427185
178.640778
166.990295
177.669907
181.553406
173.786407
69.902916
75.728157
87.378647
73.786407
103.883499
75.728157
117.475731
85.436897
101.941750
83.495148
85.436897
80.582527
187.378647
99.029129
203.883499
94.174759
218.446609
97.087379
229.126221
105.825249
216.504868
105.825249
201.941757
102.912621
71.844666
203.883499
100.000000
195.145630
130.097092
193.203888
146.601944
200.000000
163.106796
198.058258
182.524277
206.796127
191.262146
223.300980
174.757294
251.456314
154.368942
265.048553
135.922333
265.048553
116.504860
260.194183
91.262138
241.747574
78.640778
207.766998
127.184471
204.854370
144.660202
208.737869
160.194183
210.679611
183.495148
223.300980
156.310684
246.601944
139.805832
246.601944
121.359230
241.747574
