-15.533981
78.640778
-18.446602
117.475731
-19.417477
156.310684
-15.533981
194.174759
-1.941748
231.067963
20.388350
264.077667
48.543690
290.291260
77.669907
314.563110
113.592239
326.213593
145.631073
323.300995
170.873795
300.970886
195.145630
274.757294
216.504868
245.631073
233.009720
217.475739
247.572815
186.407776
254.368942
156.310684
257.281555
127.184471
40.776699
44.660194
64.077675
33.009708
92.233009
31.067963
118.446602
39.805828
142.718445
53.398060
181.553406
62.135925
202.912628
57.281555
226.213593
58.252430
243.689331
69.902916
251.456314
90.291267
158.252426
91.262138
157.281555
111.650490
157.281555
130.097092
157.281555
150.485443
117.475731
167.961166
133.009720
173.786407
147.572815
179.611649
162.135925
178.640778
175.728165
175.728165
67.961166
77.669907
84.466019
74.757286
100.970879
77.669907
114.563110
88.349518
98.058258
87.378647
81.553398
83.495148
186.407776
103.883499
201.941757
99.029129
216.504868
101.941750
227.184479
111.650490
214.563110
111.650490
200.000000
108.737869
69.902916
206.796127
96.116508
198.058258
125.242722
196.116516
142.718445
201.941757
158.252426
200.970886
176.699036
208.737869
185.436905
227.184479
170.873795
254.368942
150.485443
266.019440
133.009720
266.990295
113.592239
261.165070
88.349518
243.689331
76.699028
210.679611
122.330101
207.766998
140.776703
210.679611
156.310684
212.621368
178.640778
227.184479
152.427185
246.601944
135.922333
246.601944
117.475731
242.718460
