9.708738
78.640778
7.766991
117.475731
8.737864
157.281555
14.563107
195.145630
28.155340
231.067963
51.456310
265.048553
80.582527
293.203888
111.650490
316.504852
145.631073
327.184479
174.757294
322.330109
197.087387
299.029144
217.475739
270.873779
236.893204
240.776703
253.398071
210.679611
266.990295
180.582535
270.873779
149.514572
270.873779
121.359230
62.135925
48.543690
86.407768
35.922333
115.533981
33.009708
142.718445
41.747574
166.990295
56.310680
204.854370
63.106796
225.242722
58.252430
246.601944
57.281555
265.048553
68.932037
269.902924
88.349518
182.524277
90.291267
182.524277
109.708740
183.495148
129.126221
184.466019
149.514572
141.747574
166.990295
157.281555
173.786407
172.815536
179.611649
187.378647
178.640778
200.000000
175.728165
93.203888
79.611656
109.708740
73.786407
126.213593
77.669907
139.805832
90.291267
124.271851
88.349518
107.766991
85.436897
202.912628
100.970879
219.417480
93.203888
234.951462
96.116508
246.601944
107.766991
233.980591
107.766991
218.446609
104.854370
96.116508
205.825241
123.300972
197.087387
153.398056
195.145630
168.932037
201.941757
183.495148
200.970886
201.941757
208.737869
210.679611
224.271851
195.145630
253.398071
175.728165
266.990295
158.252426
266.990295
141.747574
263.106812
115.533981
243.689331
101.941750
208.737869
151.456314
207.766998
166.019424
210.679611
181.553406
212.621368
202.912628
225.242722
177.669907
248.543701
161.165054
248.543701
145.631073
244.660202
