21.290323
113.225807
23.225807
144.193558
25.161291
176.129044
30.967743
209.032257
43.548389
242.903229
65.806450
270.967743
94.838715
294.193542
128.709686
313.548401
166.451614
318.387115
202.258072
312.580658
228.387100
292.258087
251.612915
266.129028
268.064514
236.129044
278.709686
203.225815
284.516144
170.322586
286.451630
138.387100
285.483887
107.419357
54.193550
64.838715
72.580650
50.322582
97.741936
46.451614
122.903229
50.322582
145.161301
60.000000
183.870972
59.032261
208.064529
49.354839
233.225815
46.451614
255.483871
55.161293
267.096771
75.483871
166.451614
88.064522
168.387100
107.419357
169.354843
125.806458
171.290329
146.129044
135.483871
172.258072
151.935486
176.129044
167.419357
180.000000
182.903229
177.096786
197.419357
174.193558
78.387100
97.741936
92.903229
90.967743
110.322586
90.967743
126.774200
98.709679
111.290329
100.645164
93.870972
101.612907
201.290329
99.677422
217.741943
91.935486
234.193558
91.935486
247.741943
99.677422
235.161301
102.580650
218.709686
102.580650
99.677422
215.806458
124.838715
206.129044
151.935486
200.322586
167.419357
205.161301
184.838715
200.322586
207.096786
208.064529
225.483871
220.645172
207.096786
242.903229
185.806458
252.580658
166.451614
253.548401
149.032257
251.612915
122.903229
240.967743
106.451614
217.741943
150.967743
215.806458
166.451614
216.774200
184.838715
215.806458
218.709686
221.612915
184.838715
233.225815
166.451614
234.193558
150.000000
233.225815
