5.825243
85.436897
2.912621
120.388351
2.912621
158.252426
6.796117
194.174759
20.388350
230.097092
42.718449
262.135925
70.873787
289.320404
100.000000
313.592255
133.980591
324.271851
165.048553
319.417480
189.320389
296.116516
209.708740
267.961182
229.126221
237.864090
243.689331
207.766998
255.339813
177.669907
259.223297
146.601944
260.194183
119.417480
55.339806
45.631069
79.611656
35.922333
104.854370
34.951458
130.097092
42.718449
152.427185
56.310680
192.233017
64.077675
212.621368
58.252430
232.038849
58.252430
250.485443
66.990295
256.310699
85.436897
168.932037
91.262138
169.902924
110.679611
169.902924
128.155350
170.873795
147.572815
130.097092
166.990295
146.601944
171.844666
161.165054
178.640778
174.757294
176.699036
187.378647
173.786407
82.524277
79.611656
98.058258
74.757286
114.563110
76.699028
126.213593
89.320389
112.621361
88.349518
96.116508
85.436897
191.262146
99.029129
206.796127
92.233009
222.330109
94.174759
232.038849
105.825249
220.388351
106.796120
205.825241
103.883499
86.407768
205.825241
110.679611
195.145630
139.805832
193.203888
155.339813
199.029129
170.873795
198.058258
191.262146
205.825241
200.970886
222.330109
185.436905
252.427185
165.048553
266.990295
147.572815
267.961182
129.126221
263.106812
102.912621
243.689331
93.203888
208.737869
137.864075
205.825241
154.368942
208.737869
168.932037
210.679611
194.174759
223.300980
166.019424
248.543701
149.514572
249.514572
133.009720
245.631073
