1.941748
87.378647
0.000000
122.330101
0.000000
159.223312
3.883495
196.116516
17.475729
231.067963
38.834953
262.135925
65.048546
287.378662
92.233009
311.650482
126.213593
322.330109
157.281555
318.446625
178.640778
297.087372
198.058258
268.932037
217.475739
238.834961
231.067963
207.766998
241.747574
177.669907
247.572815
146.601944
248.543701
118.446602
51.456310
48.543690
73.786407
37.864079
100.000000
37.864079
124.271851
45.631069
145.631073
59.223301
178.640778
65.048546
199.029129
59.223301
220.388351
58.252430
238.834961
67.961166
245.631073
87.378647
159.223312
89.320389
158.252426
108.737869
158.252426
126.213593
158.252426
144.660202
120.388351
164.077667
134.951462
168.932037
150.485443
175.728165
164.077667
173.786407
176.699036
170.873795
75.728157
81.553398
90.291267
76.699028
105.825249
78.640778
117.475731
89.320389
102.912621
87.378647
88.349518
85.436897
183.495148
100.000000
199.029129
94.174759
213.592239
96.116508
223.300980
105.825249
211.650497
105.825249
198.058258
102.912621
78.640778
205.825241
102.912621
193.203888
130.097092
190.291275
145.631073
196.116516
161.165054
194.174759
180.582535
203.883499
189.320389
222.330109
175.728165
251.456314
155.339813
265.048553
137.864075
265.048553
120.388351
260.194183
96.116508
241.747574
84.466019
208.737869
128.155350
201.941757
143.689331
204.854370
159.223312
206.796127
182.524277
222.330109
157.281555
245.631073
140.776703
245.631073
124.271851
241.747574
