-9.302325
82.558136
-11.627907
125.581390
-11.627907
169.767441
-6.976744
213.953491
8.139535
255.813950
34.883720
293.023254
66.279068
324.418610
101.162788
350.000000
140.697678
360.465118
176.744186
354.651154
202.325577
329.069763
224.418594
296.511627
244.186035
261.627899
260.465118
225.581390
274.418610
189.534882
280.232544
153.488373
282.558136
118.604652
46.511627
41.860466
70.930229
29.069767
100.000000
26.744186
126.744186
34.883720
152.325577
48.837208
200.000000
54.651161
223.255814
47.674419
246.511627
48.837208
267.441864
59.302326
275.581390
81.395348
173.255814
86.046509
174.418594
108.139534
175.581390
129.069763
176.744186
152.325577
131.395340
174.418594
147.674423
180.232559
165.116272
187.209305
181.395340
186.046509
196.511627
182.558136
73.255814
80.232559
90.697670
74.418602
109.302322
76.744186
124.418602
89.534882
106.976746
89.534882
88.372093
86.046509
202.325577
100.000000
220.930222
93.023254
238.372086
95.348839
251.162781
105.813950
237.209305
108.139534
219.767441
104.651161
82.558136
225.581390
109.302322
210.465118
141.860458
205.813950
160.465118
212.790695
179.069763
210.465118
202.325577
220.930222
213.953491
241.860458
197.674408
279.069763
173.255814
296.511627
152.325577
297.674408
131.395340
291.860474
102.325577
269.767426
88.372093
227.906967
139.534882
219.767441
158.139526
223.255814
176.744186
224.418594
206.976746
243.023254
174.418594
274.418610
154.651154
274.418610
134.883713
270.930237
