-10.465117
84.883720
-11.627907
127.906975
-9.302325
174.418594
-2.325581
216.279068
15.116279
258.139526
41.860466
294.186035
74.418602
324.418610
109.302322
348.837189
147.674423
356.976746
182.558136
351.162781
206.976746
324.418610
226.744186
290.697662
246.511627
254.651154
260.465118
218.604645
274.418610
183.720932
280.232544
147.674423
280.232544
113.953484
45.348835
44.186047
70.930229
31.395348
100.000000
30.232557
127.906975
38.372093
153.488373
53.488373
193.023254
59.302326
217.441864
51.162788
243.023254
50.000000
265.116272
60.465115
273.255798
82.558136
172.093018
90.697670
173.255814
111.627907
174.418594
131.395340
175.581390
152.325577
130.232559
175.581390
148.837204
181.395340
166.279068
187.209305
181.395340
186.046509
196.511627
183.720932
73.255814
81.395348
90.697670
75.581390
109.302322
77.906975
123.255814
91.860466
106.976746
90.697670
88.372093
87.209297
201.162781
103.488373
218.604645
94.186043
237.209305
96.511627
248.837204
106.976746
236.046509
109.302322
218.604645
106.976746
86.046509
226.744186
112.790695
210.465118
144.186050
205.813950
162.790695
211.627899
180.232559
210.465118
202.325577
219.767441
213.953491
243.023254
198.837204
277.906982
176.744186
294.186035
155.813950
295.348846
134.883713
290.697662
105.813950
269.767426
93.023254
229.069763
141.860458
219.767441
161.627899
222.093018
179.069763
224.418594
205.813950
243.023254
176.744186
272.093018
156.976746
273.255798
137.209305
268.604645
