-11.627907
84.883720
-10.465117
129.069763
-6.976744
173.255814
0.000000
215.116272
16.279070
255.813950
43.023254
293.023254
77.906975
322.093018
115.116280
347.674408
154.651154
358.139526
188.372086
352.325562
210.465118
325.581390
229.069763
293.023254
245.348831
256.976746
259.302307
223.255814
273.255798
188.372086
276.744171
154.651154
275.581390
122.093018
55.813953
43.023254
83.720932
33.720928
112.790695
33.720928
140.697678
41.860466
165.116272
55.813953
205.813950
62.790695
225.581390
55.813953
247.674408
54.651161
265.116272
61.627907
273.255798
76.744186
182.558136
93.023254
186.046509
112.790695
188.372086
133.720932
191.860458
154.651154
146.511627
177.906967
163.953491
182.558136
180.232559
188.372086
194.186050
187.209305
205.813950
183.720932
84.883720
83.720932
103.488373
80.232559
120.930229
81.395348
136.046509
90.697670
119.767441
90.697670
102.325577
88.372093
204.651154
101.162788
223.255814
96.511627
239.534882
100.000000
250.000000
109.302322
237.209305
109.302322
222.093018
105.813950
98.837204
230.232559
126.744186
213.953491
159.302322
206.976746
175.581390
212.790695
191.860458
211.627899
211.627899
222.093018
218.604645
244.186035
206.976746
277.906982
186.046509
295.348846
168.604645
296.511627
148.837204
291.860474
119.767441
272.093018
105.813950
232.558136
156.976746
220.930222
173.255814
223.255814
189.534882
225.581390
211.627899
244.186035
187.209305
273.255798
169.767441
274.418610
152.325577
270.930237
