-29.069767
88.372093
-31.395348
131.395340
-32.558140
177.906967
-26.744186
222.093018
-6.976744
262.790680
24.418604
297.674408
60.465115
326.744171
97.674416
350.000000
137.209305
358.139526
168.604645
350.000000
187.209305
323.255798
202.325577
290.697662
218.604645
255.813950
233.720932
223.255814
246.511627
191.860458
250.000000
161.627899
248.837204
132.558136
48.837208
46.511627
76.744186
36.046513
108.139534
36.046513
136.046509
44.186047
159.302322
60.465115
191.860458
69.767441
209.302322
65.116280
227.906967
65.116280
243.023254
72.093025
248.837204
84.883720
175.581390
100.000000
179.069763
118.604652
182.558136
137.209305
186.046509
156.976746
138.372086
181.395340
155.813950
187.209305
170.930237
193.023254
183.720932
193.023254
196.511627
188.372086
76.744186
84.883720
96.511627
80.232559
113.953484
82.558136
126.744186
96.511627
110.465111
95.348839
93.023254
93.023254
189.534882
109.302322
206.976746
103.488373
223.255814
106.976746
232.558136
117.441856
220.930222
119.767441
205.813950
116.279068
88.372093
230.232559
117.441856
215.116272
150.000000
210.465118
165.116272
216.279068
180.232559
215.116272
195.348831
226.744186
197.674408
251.162781
187.209305
280.232544
169.767441
296.511627
153.488373
296.511627
134.883713
291.860474
106.976746
270.930237
95.348839
233.720932
146.511627
224.418594
162.790695
226.744186
177.906967
229.069763
190.697678
250.000000
172.093018
274.418610
156.976746
274.418610
139.534882
270.930237
