-31.395348
88.372093
-33.720928
131.395340
-33.720928
177.906967
-27.906977
223.255814
-8.139535
263.953491
25.581394
297.674408
63.953487
325.581390
102.325577
350.000000
140.697678
359.302307
169.767441
352.325562
184.883713
326.744171
200.000000
293.023254
217.441864
261.627899
232.558136
230.232559
246.511627
198.837204
251.162781
169.767441
250.000000
143.023254
65.116280
46.511627
96.511627
36.046513
130.232559
34.883720
160.465118
45.348835
184.883713
63.953487
211.627899
76.744186
229.069763
72.093025
245.348831
73.255814
258.139526
81.395348
261.627899
96.511627
193.023254
100.000000
196.511627
120.930229
202.325577
141.860458
206.976746
163.953491
156.976746
184.883713
172.093018
189.534882
187.209305
196.511627
200.000000
195.348831
209.302322
191.860458
90.697670
86.046509
111.627907
81.395348
130.232559
83.720932
144.186050
96.511627
126.744186
96.511627
108.139534
93.023254
204.651154
113.953484
222.093018
109.302322
237.209305
113.953484
245.348831
126.744186
234.883713
125.581390
219.767441
120.930229
104.651161
231.395340
136.046509
217.441864
168.604645
212.790695
181.395340
219.767441
194.186050
218.604645
205.813950
230.232559
202.325577
252.325577
196.511627
283.720917
181.395340
300.000000
167.441864
300.000000
152.325577
294.186035
125.581390
275.581390
111.627907
233.720932
165.116272
225.581390
177.906967
229.069763
189.534882
231.395340
196.511627
251.162781
184.883713
276.744171
173.255814
276.744171
158.139526
272.093018
