-26.744186
84.883720
-30.232557
129.069763
-31.395348
176.744186
-25.581394
222.093018
-5.813953
263.953491
26.744186
298.837219
65.116280
326.744171
102.325577
351.162781
140.697678
360.465118
169.767441
354.651154
186.046509
327.906982
200.000000
294.186035
215.116272
261.627899
231.395340
231.395340
245.348831
202.325577
248.837204
174.418594
248.837204
147.674423
69.767441
45.348835
101.162788
36.046513
134.883713
36.046513
165.116272
46.511627
188.372086
65.116280
213.953491
79.069763
230.232559
75.581390
246.511627
76.744186
259.302307
84.883720
261.627899
98.837204
196.511627
101.162788
198.837204
123.255814
203.488373
144.186050
208.139526
166.279068
156.976746
184.883713
172.093018
191.860458
187.209305
198.837204
200.000000
197.674408
210.465118
194.186050
95.348839
84.883720
116.279068
81.395348
134.883713
84.883720
147.674423
98.837204
131.395340
96.511627
112.790695
91.860466
205.813950
116.279068
223.255814
111.627907
238.372086
116.279068
245.348831
127.906975
234.883713
127.906975
220.930222
123.255814
105.813950
233.720932
138.372086
218.604645
169.767441
213.953491
182.558136
220.930222
195.348831
220.930222
206.976746
231.395340
201.162781
254.651154
195.348831
286.046509
182.558136
302.325562
167.441864
302.325562
151.162781
296.511627
126.744186
277.906982
112.790695
237.209305
165.116272
226.744186
179.069763
230.232559
190.697678
232.558136
195.348831
255.813950
186.046509
279.069763
172.093018
280.232544
158.139526
275.581390
