-27.906977
79.069763
-31.395348
123.255814
-32.558140
169.767441
-29.069767
216.279068
-11.627907
259.302307
19.767441
296.511627
56.976742
326.744171
94.186043
351.162781
133.720932
361.627899
163.953491
354.651154
182.558136
327.906982
198.837204
293.023254
212.790695
259.302307
226.744186
227.906967
240.697678
197.674408
245.348831
169.767441
244.186035
143.023254
56.976742
44.186047
88.372093
34.883720
120.930229
34.883720
150.000000
44.186047
173.255814
63.953487
202.325577
75.581390
219.767441
70.930229
237.209305
73.255814
251.162781
82.558136
254.651154
97.674416
186.046509
103.488373
189.534882
124.418602
193.023254
143.023254
196.511627
165.116272
146.511627
183.720932
162.790695
189.534882
176.744186
197.674408
190.697678
196.511627
201.162781
193.023254
82.558136
83.720932
103.488373
80.232559
122.093018
83.720932
134.883713
98.837204
118.604652
96.511627
100.000000
91.860466
197.674408
117.441856
215.116272
110.465111
230.232559
115.116280
237.209305
127.906975
227.906967
127.906975
212.790695
123.255814
93.023254
232.558136
124.418602
217.441864
158.139526
212.790695
172.093018
220.930222
184.883713
219.767441
196.511627
232.558136
193.023254
255.813950
186.046509
287.209290
170.930237
302.325562
155.813950
301.162781
138.372086
296.511627
112.790695
276.744171
100.000000
236.046509
153.488373
227.906967
168.604645
231.395340
181.395340
233.720932
187.209305
254.651154
174.418594
279.069763
161.627899
280.232544
145.348831
275.581390
