-15.116279
87.209297
-17.441860
129.069763
-16.279070
174.418594
-9.302325
217.441864
6.976744
256.976746
34.883720
293.023254
68.604652
320.930237
105.813950
344.186035
144.186050
353.488373
175.581390
346.511627
196.511627
322.093018
213.953491
289.534882
230.232559
255.813950
244.186035
223.255814
258.139526
191.860458
263.953491
159.302322
263.953491
129.069763
55.813953
50.000000
83.720932
37.209301
113.953484
34.883720
143.023254
41.860466
167.441864
58.139534
204.651154
65.116280
224.418594
61.627907
244.186035
62.790695
259.302307
72.093025
266.279053
88.372093
183.720932
96.511627
184.883713
116.279068
187.209305
136.046509
189.534882
156.976746
144.186050
179.069763
161.627899
183.720932
177.906967
189.534882
190.697678
188.372086
203.488373
184.883713
84.883720
83.720932
103.488373
77.906975
122.093018
80.232559
136.046509
94.186043
119.767441
93.023254
101.162788
90.697670
202.325577
106.976746
219.767441
98.837204
237.209305
102.325577
247.674408
115.116280
234.883713
115.116280
218.604645
111.627907
97.674416
230.232559
126.744186
213.953491
158.139526
206.976746
172.093018
213.953491
187.209305
211.627899
203.488373
222.093018
206.976746
247.674408
196.511627
277.906982
180.232559
291.860474
163.953491
293.023254
145.348831
288.372101
118.604652
270.930237
104.651161
232.558136
154.651154
222.093018
170.930237
224.418594
184.883713
225.581390
200.000000
246.511627
181.395340
270.930237
166.279068
272.093018
150.000000
268.604645
