20.322580
113.225807
22.258064
145.161301
25.161291
178.064514
30.967743
210.967743
43.548389
243.870972
66.774193
270.967743
96.774193
294.193542
129.677429
313.548401
167.419357
319.354858
203.225815
314.516144
231.290329
294.193542
253.548401
269.032257
270.967743
237.096786
281.612915
205.161301
288.387115
171.290329
290.322601
139.354843
287.419373
109.354843
55.161293
65.806450
74.516129
50.322582
99.677422
47.419357
124.838715
52.258064
148.064514
61.935486
184.838715
60.967743
209.032257
51.290325
233.225815
47.419357
255.483871
55.161293
267.096771
76.451614
166.451614
90.967743
168.387100
109.354843
170.322586
126.774200
172.258072
147.096771
136.451614
174.193558
152.903229
177.096786
168.387100
180.000000
182.903229
177.096786
197.419357
175.161301
80.322586
98.709679
94.838715
91.935486
111.290329
90.967743
126.774200
99.677422
112.258064
102.580650
94.838715
102.580650
202.258072
102.580650
218.709686
93.870972
235.161301
93.870972
247.741943
101.612907
235.161301
105.483871
219.677429
104.516129
101.612907
217.741943
126.774200
206.129044
152.903229
201.290329
168.387100
205.161301
185.806458
201.290329
209.032257
209.032257
226.451614
221.612915
207.096786
244.838715
185.806458
253.548401
167.419357
255.483871
150.000000
253.548401
124.838715
241.935486
108.387100
219.677429
152.903229
215.806458
168.387100
216.774200
185.806458
216.774200
218.709686
222.580658
184.838715
236.129044
167.419357
236.129044
150.967743
235.161301
