-2.325581
95.348839
-2.325581
136.046509
0.000000
177.906967
8.139535
218.604645
24.418604
256.976746
51.162788
290.697662
82.558136
318.604645
116.279068
341.860474
154.651154
350.000000
187.209305
343.023254
210.465118
317.441864
230.232559
284.883728
245.348831
250.000000
255.813950
215.116272
267.441864
181.395340
272.093018
147.674423
272.093018
116.279068
50.000000
54.651161
72.093025
39.534882
100.000000
37.209301
125.581390
44.186047
150.000000
56.976742
190.697678
60.465115
212.790695
52.325581
236.046509
51.162788
256.976746
60.465115
265.116272
81.395348
168.604645
90.697670
169.767441
110.465111
170.930237
130.232559
173.255814
151.162781
132.558136
176.744186
148.837204
180.232559
163.953491
184.883713
179.069763
182.558136
191.860458
180.232559
75.581390
88.372093
91.860466
81.395348
109.302322
82.558136
123.255814
95.348839
108.139534
96.511627
90.697670
94.186043
196.511627
103.488373
213.953491
94.186043
231.395340
94.186043
243.023254
105.813950
230.232559
109.302322
213.953491
106.976746
95.348839
229.069763
118.604652
211.627899
147.674423
204.651154
163.953491
209.302322
180.232559
206.976746
201.162781
216.279068
212.790695
239.534882
200.000000
273.255798
179.069763
289.534882
160.465118
290.697662
140.697678
286.046509
113.953484
268.604645
101.162788
230.232559
146.511627
217.441864
162.790695
219.767441
179.069763
219.767441
205.813950
238.372086
179.069763
267.441864
160.465118
269.767426
143.023254
266.279053
