12.790697
106.976746
13.953488
141.860458
18.604650
177.906967
26.744186
216.279068
41.860466
252.325577
63.953487
283.720917
91.860466
313.953491
124.418602
337.209290
159.302322
345.348846
194.186050
339.534882
219.767441
316.279053
240.697678
284.883728
256.976746
250.000000
268.604645
213.953491
277.906982
179.069763
282.558136
143.023254
282.558136
109.302322
43.023254
63.953487
61.627907
47.674419
87.209297
44.186047
112.790695
47.674419
136.046509
59.302326
179.069763
60.465115
203.488373
50.000000
229.069763
45.348835
253.488373
53.488373
265.116272
74.418602
158.139526
89.534882
159.302322
110.465111
160.465118
130.232559
160.465118
151.162781
126.744186
175.581390
141.860458
179.069763
158.139526
182.558136
173.255814
179.069763
187.209305
176.744186
69.767441
96.511627
84.883720
88.372093
103.488373
88.372093
118.604652
100.000000
102.325577
102.325577
83.720932
101.162788
194.186050
101.162788
211.627899
90.697670
229.069763
90.697670
243.023254
100.000000
229.069763
104.651161
211.627899
104.651161
97.674416
231.395340
116.279068
212.790695
143.023254
203.488373
159.302322
206.976746
176.744186
203.488373
201.162781
212.790695
217.441864
234.883713
202.325577
269.767426
179.069763
284.883728
160.465118
287.209290
140.697678
284.883728
115.116280
267.441864
104.651161
232.558136
143.023254
216.279068
159.302322
217.441864
176.744186
217.441864
210.465118
234.883713
177.906967
263.953491
159.302322
266.279053
141.860458
263.953491
