27.906977
112.790695
29.069767
144.186050
33.720928
177.906967
40.697674
212.790695
53.488373
248.837204
75.581390
280.232544
101.162788
309.302307
131.395340
333.720917
165.116272
339.534882
200.000000
334.883728
229.069763
312.790680
251.162781
282.558136
269.767426
248.837204
281.395355
212.790695
288.372101
179.069763
291.860474
144.186050
291.860474
109.302322
51.162788
69.767441
66.279068
53.488373
88.372093
48.837208
111.627907
52.325581
133.720932
60.465115
172.093018
60.465115
196.511627
48.837208
223.255814
45.348835
248.837204
53.488373
263.953491
75.581390
153.488373
89.534882
153.488373
109.302322
153.488373
127.906975
154.651154
148.837204
126.744186
175.581390
140.697678
177.906967
154.651154
180.232559
169.767441
176.744186
183.720932
174.418594
74.418602
100.000000
87.209297
88.372093
104.651161
88.372093
118.604652
100.000000
103.488373
102.325577
87.209297
102.325577
194.186050
98.837204
210.465118
87.209297
226.744186
87.209297
240.697678
97.674416
227.906967
101.162788
211.627899
101.162788
102.325577
232.558136
118.604652
210.465118
141.860458
201.162781
159.302322
204.651154
175.581390
201.162781
200.000000
209.302322
219.767441
231.395340
202.325577
266.279053
179.069763
280.232544
160.465118
282.558136
141.860458
280.232544
117.441856
265.116272
108.139534
232.558136
143.023254
216.279068
159.302322
215.116272
175.581390
215.116272
212.790695
231.395340
176.744186
260.465118
159.302322
261.627899
141.860458
260.465118
