48.837208
122.093018
51.162788
152.325577
55.813953
183.720932
63.953487
216.279068
76.744186
250.000000
98.837204
279.069763
124.418602
306.976746
150.000000
331.395355
180.232559
337.209290
212.790695
331.395355
241.860458
312.790680
266.279053
287.209290
286.046509
255.813950
298.837219
219.767441
306.976746
182.558136
311.627899
146.511627
311.627899
109.302322
66.279068
75.581390
79.069763
59.302326
98.837204
52.325581
120.930229
55.813953
141.860458
63.953487
179.069763
61.627907
204.651154
50.000000
231.395340
45.348835
258.139526
53.488373
275.581390
74.418602
161.627899
90.697670
161.627899
109.302322
161.627899
127.906975
161.627899
147.674423
137.209305
174.418594
150.000000
176.744186
163.953491
179.069763
177.906967
175.581390
193.023254
173.255814
88.372093
103.488373
101.162788
90.697670
118.604652
90.697670
132.558136
102.325577
118.604652
104.651161
101.162788
105.813950
204.651154
98.837204
219.767441
87.209297
237.209305
86.046509
252.325577
96.511627
239.534882
100.000000
222.093018
100.000000
119.767441
233.720932
131.395340
210.465118
152.325577
200.000000
167.441864
201.162781
184.883713
197.674408
211.627899
208.139526
233.720932
230.232559
217.441864
262.790680
193.023254
276.744171
174.418594
279.069763
156.976746
277.906982
133.720932
262.790680
125.581390
233.720932
153.488373
212.790695
168.604645
211.627899
186.046509
210.465118
227.906967
230.232559
189.534882
260.465118
170.930237
261.627899
154.651154
259.302307
