40.697674
134.883713
41.860466
162.790695
45.348835
193.023254
52.325581
223.255814
65.116280
254.651154
82.558136
281.395355
103.488373
308.139526
126.744186
329.069763
158.139526
334.883728
191.860458
330.232544
220.930222
311.627899
248.837204
286.046509
268.604645
254.651154
281.395355
220.930222
289.534882
186.046509
294.186035
147.674423
290.697662
110.465111
47.674419
77.906975
58.139534
66.279068
73.255814
62.790695
90.697670
63.953487
108.139534
69.767441
150.000000
66.279068
173.255814
53.488373
200.000000
50.000000
226.744186
56.976742
246.511627
75.581390
129.069763
95.348839
127.906975
115.116280
126.744186
133.720932
125.581390
154.651154
109.302322
179.069763
119.767441
181.395340
132.558136
183.720932
146.511627
179.069763
162.790695
174.418594
65.116280
111.627907
75.581390
101.162788
91.860466
98.837204
106.976746
108.139534
91.860466
112.790695
75.581390
113.953484
174.418594
102.325577
190.697678
91.860466
208.139526
90.697670
223.255814
98.837204
209.302322
103.488373
191.860458
104.651161
96.511627
234.883713
104.651161
213.953491
122.093018
203.488373
138.372086
204.651154
154.651154
201.162781
182.558136
209.302322
205.813950
229.069763
187.209305
261.627899
163.953491
276.744171
145.348831
279.069763
126.744186
276.744171
106.976746
263.953491
102.325577
234.883713
124.418602
216.279068
139.534882
215.116272
156.976746
213.953491
197.674408
230.232559
160.465118
256.976746
143.023254
258.139526
125.581390
255.813950
