68.604652
138.372086
68.604652
162.790695
70.930229
191.860458
79.069763
223.255814
91.860466
253.488373
110.465111
280.232544
133.720932
304.651154
158.139526
326.744171
189.534882
331.395355
223.255814
326.744171
252.325577
309.302307
279.069763
284.883728
297.674408
253.488373
309.302307
218.604645
313.953491
181.395340
313.953491
146.511627
312.790680
111.627907
76.744186
93.023254
86.046509
79.069763
102.325577
73.255814
120.930229
74.418602
137.209305
81.395348
172.093018
75.581390
195.348831
62.790695
222.093018
56.976742
248.837204
63.953487
267.441864
83.720932
156.976746
104.651161
156.976746
123.255814
154.651154
139.534882
153.488373
156.976746
137.209305
182.558136
148.837204
184.883713
161.627899
186.046509
175.581390
181.395340
190.697678
177.906967
95.348839
120.930229
104.651161
110.465111
119.767441
108.139534
134.883713
117.441856
122.093018
122.093018
106.976746
124.418602
197.674408
109.302322
211.627899
97.674416
229.069763
96.511627
244.186035
104.651161
231.395340
109.302322
213.953491
111.627907
130.232559
238.372086
134.883713
216.279068
152.325577
206.976746
165.116272
208.139526
182.558136
203.488373
209.302322
210.465118
233.720932
227.906967
217.441864
261.627899
194.186050
275.581390
175.581390
279.069763
159.302322
276.744171
140.697678
263.953491
134.883713
238.372086
153.488373
218.604645
167.441864
217.441864
184.883713
216.279068
226.744186
229.069763
189.534882
260.465118
172.093018
261.627899
156.976746
259.302307
