33.488373
128.372101
36.279072
159.069778
43.255817
189.767456
53.023258
224.651169
68.372093
259.534882
92.093025
291.627930
118.604652
319.534882
149.302338
341.860474
185.581406
346.046539
221.860474
337.674438
252.558151
316.744202
279.069763
286.046509
297.209320
251.162796
306.976746
210.697678
313.953491
170.232559
315.348846
131.162796
309.767456
90.697678
41.860466
65.581398
54.418606
50.232559
73.953491
43.255817
96.279076
44.651165
117.209305
51.627911
161.860474
46.046513
186.976746
32.093025
216.279083
26.511629
244.186050
33.488373
265.116302
53.023258
142.325592
79.534889
143.720932
99.069771
143.720932
118.604652
145.116287
139.534882
121.395355
171.627914
135.348846
173.023270
150.697678
174.418610
167.441864
168.837219
182.790710
164.651169
62.790699
103.255821
75.348839
92.093025
93.488373
89.302330
111.627914
96.279076
94.883728
103.255821
78.139542
106.046516
188.372101
87.906982
206.511642
78.139542
224.651169
76.744186
241.395355
82.325584
227.441864
89.302330
207.906982
90.697678
108.837212
237.209305
118.604652
210.697678
139.534882
198.139542
157.674423
199.534897
175.813965
193.953491
207.906982
202.325592
233.023270
226.046524
216.279083
260.930237
189.767456
276.279083
168.837219
280.465118
149.302338
279.069763
125.581398
266.511627
115.813957
237.209305
142.325592
213.488373
159.069778
212.093033
178.604660
209.302338
224.651169
227.441864
184.186050
256.744202
163.255814
258.139557
145.116287
256.744202
