11.162791
114.418610
15.348838
149.302338
22.325583
186.976746
32.093025
224.651169
48.837212
260.930237
73.953491
293.023254
106.046516
320.930237
142.325592
343.255829
182.790710
347.441864
220.465118
339.069794
248.372101
312.558167
270.697693
280.465118
286.046509
242.790710
294.418610
205.116287
298.604675
167.441864
297.209320
132.558151
291.627930
97.674423
43.255817
62.790699
62.790699
48.837212
87.906982
43.255817
113.023262
46.046513
136.744186
55.813957
178.604660
54.418606
200.930237
43.255817
226.046524
37.674419
248.372101
43.255817
265.116302
60.000004
161.860474
86.511635
163.255814
106.046516
166.046524
124.186050
168.837219
143.720932
136.744186
173.023270
152.093033
174.418610
168.837219
177.209305
184.186050
173.023270
198.139542
170.232559
71.162796
100.465118
86.511635
90.697678
104.651169
89.302330
121.395355
99.069771
106.046516
103.255821
87.906982
103.255821
199.534897
97.674423
214.883728
87.906982
233.023270
86.511635
248.372101
94.883728
234.418610
99.069771
217.674423
100.465118
110.232559
231.627914
131.162796
209.302338
156.279083
199.534897
173.023270
202.325592
191.162796
198.139542
217.674423
206.511642
237.209305
228.837219
221.860474
262.325592
198.139542
277.674438
177.209305
280.465118
157.674423
277.674438
131.162796
263.720947
117.209305
231.627914
157.674423
214.883728
174.418610
214.883728
192.558151
213.488373
228.837219
228.837219
193.953491
256.744202
174.418610
259.534882
156.279083
256.744202
