0.000000
108.837212
1.395349
146.511627
5.581396
185.581406
15.348838
223.255829
32.093025
259.534882
55.813957
293.023254
89.302330
319.534882
126.976746
341.860474
167.441864
348.837219
203.720932
341.860474
228.837219
318.139557
248.372101
286.046509
262.325592
249.767456
272.093048
214.883728
280.465118
178.604660
281.860474
145.116287
279.069763
113.023262
46.046513
57.209305
66.976746
44.651165
92.093025
43.255817
117.209305
48.837212
139.534882
58.604652
186.976746
60.000004
206.511642
51.627911
228.837219
48.837212
248.372101
54.418606
259.534882
71.162796
164.651169
92.093025
166.046524
111.627914
168.837219
129.767441
171.627914
149.302338
133.953491
175.813965
150.697678
178.604660
167.441864
182.790710
181.395355
180.000000
195.348846
175.813965
69.767441
100.465118
86.511635
93.488373
103.255821
93.488373
120.000008
103.255821
104.651169
106.046516
86.511635
106.046516
196.744186
106.046516
214.883728
97.674423
231.627914
99.069771
244.186050
107.441864
231.627914
111.627914
214.883728
110.232559
99.069771
227.441864
124.186050
210.697678
152.093033
203.720932
167.441864
207.906982
185.581406
205.116287
209.302338
213.488373
226.046524
231.627914
210.697678
266.511627
188.372101
281.860474
168.837219
283.255829
150.697678
280.465118
122.790703
263.720947
106.046516
230.232574
152.093033
219.069778
168.837219
219.069778
185.581406
219.069778
219.069778
233.023270
186.976746
260.930237
167.441864
262.325592
150.697678
260.930237
