-12.558140
97.674423
-12.558140
138.139542
-12.558140
180.000000
-6.976745
220.465118
6.976745
260.930237
34.883720
294.418610
71.162796
322.325592
110.232559
344.651184
150.697678
353.023254
185.581406
346.046539
210.697678
322.325592
231.627914
291.627930
245.581406
256.744202
256.744202
221.860474
265.116302
188.372101
267.906982
156.279083
266.511627
125.581398
50.232559
53.023258
72.558144
43.255817
97.674423
43.255817
122.790703
50.232559
145.116287
64.186050
186.976746
68.372093
209.302338
61.395351
231.627914
60.000004
249.767456
71.162796
256.744202
90.697678
164.651169
99.069771
167.441864
117.209305
168.837219
135.348846
171.627914
156.279083
129.767441
181.395355
146.511627
185.581406
161.860474
191.162796
175.813965
189.767456
188.372101
186.976746
72.558144
94.883728
89.302330
89.302330
104.651169
90.697678
118.604652
101.860466
103.255821
101.860466
87.906982
99.069771
192.558151
113.023262
207.906982
106.046516
224.651169
107.441864
235.813965
117.209305
223.255829
117.209305
207.906982
115.813957
86.511635
226.046524
114.418610
213.488373
143.720932
210.697678
161.860474
214.883728
177.209305
213.488373
199.534897
221.860474
212.093033
240.000015
198.139542
270.697693
177.209305
283.255829
157.674423
283.255829
139.534882
279.069763
111.627914
262.325592
93.488373
228.837219
143.720932
223.255829
160.465118
224.651169
177.209305
226.046524
205.116287
240.000015
175.813965
265.116302
159.069778
265.116302
140.930237
262.325592
