20.322580
114.193550
22.258064
144.193558
24.193548
176.129044
30.000000
208.064529
42.580647
241.935486
63.870968
269.032257
92.903229
292.258087
125.806458
312.580658
163.548386
318.387115
199.354843
313.548401
226.451614
293.225830
250.645172
268.064514
270.000000
239.032272
282.580658
207.096786
289.354858
174.193558
290.322601
143.225815
286.451630
112.258064
56.129032
67.741936
75.483871
53.225807
99.677422
49.354839
124.838715
53.225807
148.064514
63.870968
185.806458
62.903229
209.032257
53.225807
232.258072
50.322582
254.516144
56.129032
267.096771
74.516129
168.387100
92.903229
170.322586
112.258064
171.290329
130.645172
172.258072
150.000000
138.387100
176.129044
153.870972
179.032257
168.387100
182.903229
182.903229
180.967743
197.419357
178.064514
80.322586
99.677422
95.806458
92.903229
113.225807
92.903229
127.741936
101.612907
113.225807
104.516129
94.838715
104.516129
202.258072
105.483871
218.709686
95.806458
235.161301
95.806458
247.741943
104.516129
236.129044
107.419357
219.677429
107.419357
102.580650
218.709686
126.774200
210.000000
152.903229
204.193558
168.387100
208.064529
185.806458
204.193558
208.064529
210.967743
225.483871
221.612915
207.096786
243.870972
186.774200
254.516144
168.387100
256.451630
150.000000
254.516144
125.806458
242.903229
108.387100
220.645172
151.935486
216.774200
168.387100
218.709686
185.806458
217.741943
218.709686
223.548401
185.806458
236.129044
168.387100
238.064529
150.967743
236.129044
