-5.581396
94.883728
-9.767443
135.348846
-9.767443
177.209305
-6.976745
217.674423
8.372093
256.744202
36.279072
290.232574
72.558144
318.139557
111.627914
341.860474
152.093033
353.023254
186.976746
348.837219
212.093033
326.511627
233.023270
298.604675
251.162796
265.116302
263.720947
231.627914
274.883728
198.139542
277.674438
166.046524
277.674438
136.744186
64.186050
43.255817
92.093025
36.279072
120.000008
39.069771
145.116287
47.441864
167.441864
62.790699
210.697678
71.162796
230.232574
65.581398
249.767456
65.581398
266.511627
73.953491
272.093048
92.093025
185.581406
100.465118
186.976746
120.000008
188.372101
138.139542
189.767456
157.674423
145.116287
180.000000
161.860474
185.581406
175.813965
192.558151
189.767456
191.162796
203.720932
189.767456
90.697678
89.302330
108.837212
85.116280
125.581398
87.906982
138.139542
100.465118
122.790703
99.069771
106.046516
96.279076
207.906982
114.418610
226.046524
108.837212
241.395355
111.627914
252.558151
122.790703
240.000015
124.186050
224.651169
121.395355
97.674423
221.860474
126.976746
212.093033
159.069778
209.302338
174.418610
214.883728
189.767456
214.883728
209.302338
224.651169
220.465118
242.790710
203.720932
272.093048
184.186050
283.255829
166.046524
281.860474
149.302338
277.674438
121.395355
259.534882
103.255821
224.651169
156.279083
223.255829
171.627914
227.441864
188.372101
228.837219
212.093033
244.186050
184.186050
263.720947
168.837219
262.325592
152.093033
259.534882
