3.488372
105.813950
0.000000
140.697678
-2.325581
176.744186
-2.325581
211.627899
8.139535
246.511627
30.232557
275.581390
60.465115
298.837219
93.023254
319.767426
129.069763
329.069763
159.302322
327.906982
182.558136
308.139526
202.325577
284.883728
219.767441
256.976746
229.069763
229.069763
238.372086
200.000000
241.860458
172.093018
241.860458
146.511627
65.116280
73.255814
88.372093
67.441856
111.627907
69.767441
133.720932
76.744186
152.325577
91.860466
186.046509
97.674416
203.488373
94.186043
220.930222
94.186043
233.720932
101.162788
238.372086
115.116280
167.441864
119.767441
167.441864
137.209305
168.604645
153.488373
168.604645
169.767441
130.232559
187.209305
144.186050
193.023254
156.976746
198.837204
168.604645
198.837204
180.232559
196.511627
87.209297
110.465111
101.162788
108.139534
115.116280
110.465111
125.581390
118.604652
112.790695
117.441856
100.000000
115.116280
184.883713
130.232559
198.837204
129.069763
211.627899
132.558136
219.767441
140.697678
209.302322
139.534882
196.511627
136.046509
87.209297
218.604645
112.790695
213.953491
139.534882
212.790695
153.488373
218.604645
166.279068
218.604645
183.720932
226.744186
194.186050
240.697678
179.069763
262.790680
160.465118
269.767426
146.511627
268.604645
130.232559
263.953491
106.976746
248.837204
93.023254
222.093018
137.209305
224.418594
151.162781
227.906967
165.116272
230.232559
187.209305
240.697678
162.790695
254.651154
148.837204
253.488373
133.720932
248.837204
