5.813953
101.162788
2.325581
134.883713
0.000000
170.930237
0.000000
206.976746
9.302325
243.023254
33.720928
274.418610
65.116280
298.837219
98.837204
318.604645
136.046509
327.906982
167.441864
325.581390
190.697678
306.976746
210.465118
281.395355
227.906967
253.488373
238.372086
224.418594
246.511627
195.348831
250.000000
169.767441
250.000000
144.186050
66.279068
67.441856
89.534882
60.465115
115.116280
62.790695
138.372086
70.930229
158.139526
84.883720
193.023254
93.023254
211.627899
88.372093
230.232559
88.372093
245.348831
95.348839
248.837204
110.465111
172.093018
116.279068
173.255814
133.720932
173.255814
151.162781
174.418594
169.767441
133.720932
184.883713
148.837204
190.697678
161.627899
196.511627
174.418594
196.511627
187.209305
195.348831
89.534882
104.651161
104.651161
101.162788
119.767441
103.488373
130.232559
113.953484
117.441856
112.790695
102.325577
109.302322
190.697678
125.581390
205.813950
122.093018
219.767441
124.418602
229.069763
134.883713
217.441864
133.720932
204.651154
130.232559
91.860466
216.279068
117.441856
211.627899
145.348831
211.627899
159.302322
217.441864
172.093018
216.279068
189.534882
225.581390
201.162781
238.372086
183.720932
260.465118
166.279068
267.441864
151.162781
266.279053
136.046509
261.627899
110.465111
246.511627
97.674416
220.930222
143.023254
223.255814
156.976746
226.744186
169.767441
229.069763
194.186050
239.534882
167.441864
251.162781
153.488373
248.837204
139.534882
245.348831
