2.325581
106.976746
0.000000
139.534882
-1.162791
175.581390
0.000000
211.627899
10.465117
245.348831
34.883720
275.581390
68.604652
298.837219
102.325577
319.767426
139.534882
330.232544
170.930237
327.906982
196.511627
309.302307
217.441864
283.720917
234.883713
255.813950
245.348831
227.906967
255.813950
198.837204
259.302307
172.093018
258.139526
146.511627
66.279068
62.790695
94.186043
55.813953
119.767441
58.139534
144.186050
67.441856
163.953491
82.558136
201.162781
90.697670
219.767441
86.046509
238.372086
86.046509
253.488373
94.186043
258.139526
110.465111
180.232559
115.116280
180.232559
132.558136
181.395340
148.837204
182.558136
165.116272
141.860458
184.883713
155.813950
190.697678
170.930237
197.674408
183.720932
197.674408
194.186050
195.348831
95.348839
102.325577
110.465111
97.674416
126.744186
101.162788
138.372086
112.790695
123.255814
111.627907
108.139534
108.139534
196.511627
127.906975
213.953491
120.930229
227.906967
124.418602
237.209305
134.883713
226.744186
134.883713
211.627899
131.395340
97.674416
216.279068
125.581390
211.627899
152.325577
211.627899
166.279068
217.441864
180.232559
217.441864
197.674408
225.581390
208.139526
239.534882
191.860458
260.465118
174.418594
267.441864
158.139526
266.279053
143.023254
260.465118
118.604652
245.348831
104.651161
220.930222
150.000000
224.418594
163.953491
227.906967
177.906967
230.232559
201.162781
239.534882
175.581390
250.000000
160.465118
248.837204
146.511627
243.023254
