-20.930233
91.860466
-24.418604
127.906975
-26.744186
163.953491
-27.906977
201.162781
-18.604650
239.534882
5.813953
272.093018
39.534882
296.511627
75.581390
318.604645
113.953484
329.069763
148.837204
327.906982
170.930237
310.465118
191.860458
287.209290
209.302322
260.465118
220.930222
230.232559
231.395340
201.162781
237.209305
170.930237
237.209305
144.186050
45.348835
58.139534
70.930229
50.000000
98.837204
52.325581
123.255814
61.627907
145.348831
76.744186
180.232559
84.883720
198.837204
80.232559
216.279068
81.395348
231.395340
88.372093
236.046509
104.651161
159.302322
108.139534
159.302322
126.744186
160.465118
145.348831
160.465118
163.953491
120.930229
182.558136
134.883713
187.209305
147.674423
193.023254
160.465118
194.186050
172.093018
193.023254
70.930229
96.511627
87.209297
93.023254
102.325577
96.511627
115.116280
106.976746
100.000000
104.651161
84.883720
101.162788
177.906967
120.930229
194.186050
118.604652
208.139526
122.093018
217.441864
131.395340
204.651154
130.232559
191.860458
125.581390
73.255814
215.116272
102.325577
211.627899
131.395340
209.302322
145.348831
216.279068
159.302322
215.116272
176.744186
224.418594
184.883713
238.372086
169.767441
259.302307
152.325577
266.279053
136.046509
265.116272
119.767441
260.465118
94.186043
245.348831
80.232559
218.604645
127.906975
223.255814
143.023254
226.744186
156.976746
229.069763
177.906967
238.372086
153.488373
248.837204
139.534882
247.674408
124.418602
243.023254
