-13.953488
88.372093
-18.604650
125.581390
-19.767441
162.790695
-17.441860
200.000000
-5.813953
237.209305
19.767441
270.930237
52.325581
297.674408
88.372093
319.767426
126.744186
330.232544
161.627899
329.069763
186.046509
308.139526
205.813950
282.558136
224.418594
252.325577
237.209305
223.255814
247.674408
193.023254
252.325577
163.953491
252.325577
137.209305
51.162788
50.000000
79.069763
43.023254
106.976746
45.348835
132.558136
54.651161
155.813950
69.767441
190.697678
77.906975
210.465118
74.418602
230.232559
75.581390
246.511627
84.883720
251.162781
101.162788
170.930237
104.651161
170.930237
124.418602
170.930237
144.186050
172.093018
163.953491
129.069763
181.395340
145.348831
187.209305
159.302322
194.186050
173.255814
193.023254
186.046509
191.860458
77.906975
91.860466
95.348839
88.372093
111.627907
91.860466
124.418602
103.488373
109.302322
102.325577
91.860466
98.837204
190.697678
118.604652
208.139526
113.953484
223.255814
117.441856
233.720932
127.906975
220.930222
129.069763
205.813950
124.418602
80.232559
210.465118
110.465111
208.139526
140.697678
209.302322
155.813950
215.116272
169.767441
215.116272
187.209305
223.255814
197.674408
236.046509
181.395340
259.302307
162.790695
267.441864
146.511627
266.279053
130.232559
260.465118
103.488373
244.186035
87.209297
215.116272
138.372086
220.930222
153.488373
225.581390
167.441864
227.906967
191.860458
237.209305
163.953491
248.837204
150.000000
247.674408
134.883713
243.023254
