-4.651163
80.232559
-9.302325
117.441856
-11.627907
155.813950
-10.465117
195.348831
1.162791
236.046509
26.744186
269.767426
60.465115
298.837219
97.674416
322.093018
137.209305
333.720917
172.093018
331.395355
197.674408
310.465118
218.604645
283.720917
238.372086
254.651154
251.162781
225.581390
262.790680
194.186050
268.604645
163.953491
269.767426
134.883713
58.139534
48.837208
84.883720
40.697674
113.953484
41.860466
140.697678
51.162788
162.790695
67.441856
200.000000
75.581390
222.093018
69.767441
244.186035
70.930229
262.790680
81.395348
267.441864
102.325577
177.906967
102.325577
177.906967
122.093018
177.906967
141.860458
179.069763
162.790695
134.883713
179.069763
151.162781
186.046509
165.116272
194.186050
180.232559
193.023254
193.023254
190.697678
84.883720
88.372093
102.325577
84.883720
118.604652
87.209297
131.395340
100.000000
115.116280
97.674416
98.837204
94.186043
198.837204
115.116280
216.279068
109.302322
232.558136
112.790695
243.023254
123.255814
230.232559
123.255814
215.116272
120.930229
84.883720
210.465118
115.116280
208.139526
144.186050
208.139526
160.465118
215.116272
175.581390
213.953491
196.511627
223.255814
209.302322
236.046509
190.697678
260.465118
169.767441
268.604645
152.325577
267.441864
134.883713
261.627899
108.139534
244.186035
91.860466
215.116272
141.860458
222.093018
158.139526
226.744186
174.418594
227.906967
202.325577
237.209305
170.930237
250.000000
154.651154
248.837204
138.372086
244.186035
