-4.651163
86.046509
-9.302325
123.255814
-11.627907
162.790695
-8.139535
201.162781
4.651163
239.534882
31.395348
273.255798
66.279068
300.000000
103.488373
323.255798
143.023254
334.883728
177.906967
331.395355
202.325577
311.627899
223.255814
283.720917
243.023254
254.651154
255.813950
224.418594
266.279053
190.697678
269.767426
159.302322
269.767426
129.069763
58.139534
48.837208
82.558136
36.046513
110.465111
36.046513
138.372086
44.186047
161.627899
59.302326
202.325577
68.604652
224.418594
62.790695
245.348831
63.953487
262.790680
75.581390
267.441864
95.348839
180.232559
96.511627
180.232559
117.441856
181.395340
137.209305
182.558136
158.139526
138.372086
177.906967
154.651154
183.720932
169.767441
190.697678
183.720932
190.697678
196.511627
188.372086
83.720932
84.883720
101.162788
79.069763
118.604652
82.558136
132.558136
96.511627
116.279068
93.023254
98.837204
90.697670
201.162781
108.139534
217.441864
101.162788
233.720932
104.651161
244.186035
115.116280
232.558136
115.116280
217.441864
111.627907
89.534882
212.790695
119.767441
208.139526
150.000000
206.976746
165.116272
213.953491
180.232559
212.790695
201.162781
220.930222
213.953491
234.883713
195.348831
256.976746
175.581390
265.116272
158.139526
263.953491
141.860458
259.302307
113.953484
244.186035
97.674416
217.441864
148.837204
220.930222
162.790695
225.581390
179.069763
226.744186
205.813950
236.046509
176.744186
247.674408
160.465118
246.511627
145.348831
241.860458
