-5.813953
82.558136
-9.302325
120.930229
-11.627907
161.627899
-8.139535
201.162781
5.813953
240.697678
33.720928
273.255798
68.604652
300.000000
106.976746
322.093018
148.837204
331.395355
186.046509
327.906982
211.627899
306.976746
233.720932
279.069763
250.000000
248.837204
261.627899
216.279068
272.093018
184.883713
276.744171
154.651154
276.744171
125.581390
55.813953
38.372093
83.720932
29.069767
112.790695
29.069767
139.534882
37.209301
165.116272
52.325581
205.813950
60.465115
226.744186
55.813953
247.674408
55.813953
265.116272
65.116280
272.093018
82.558136
182.558136
90.697670
184.883713
111.627907
186.046509
131.395340
188.372086
152.325577
143.023254
173.255814
159.302322
179.069763
174.418594
186.046509
188.372086
184.883713
201.162781
182.558136
83.720932
81.395348
102.325577
74.418602
119.767441
77.906975
134.883713
91.860466
117.441856
91.860466
98.837204
88.372093
205.813950
105.813950
223.255814
97.674416
240.697678
101.162788
253.488373
112.790695
239.534882
113.953484
223.255814
110.465111
94.186043
209.302322
125.581390
203.488373
154.651154
201.162781
169.767441
208.139526
186.046509
205.813950
206.976746
216.279068
219.767441
230.232559
202.325577
253.488373
182.558136
262.790680
165.116272
261.627899
146.511627
256.976746
119.767441
241.860458
102.325577
213.953491
152.325577
216.279068
168.604645
219.767441
184.883713
220.930222
212.790695
231.395340
183.720932
244.186035
166.279068
243.023254
148.837204
238.372086
