-8.139535
112.790695
-11.627907
152.325577
-11.627907
193.023254
-6.976744
234.883713
8.139535
274.418610
37.209301
306.976746
70.930229
333.720917
108.139534
355.813934
148.837204
365.116272
186.046509
361.627899
212.790695
339.534882
234.883713
310.465118
251.162781
277.906982
265.116272
245.348831
275.581390
213.953491
280.232544
182.558136
280.232544
153.488373
61.627907
66.279068
87.209297
56.976742
113.953484
59.302326
139.534882
66.279068
162.790695
81.395348
208.139526
88.372093
227.906967
83.720932
247.674408
83.720932
263.953491
90.697670
272.093018
105.813950
182.558136
119.767441
183.720932
140.697678
186.046509
161.627899
187.209305
183.720932
141.860458
204.651154
159.302322
209.302322
174.418594
216.279068
189.534882
215.116272
203.488373
212.790695
83.720932
109.302322
102.325577
104.651161
119.767441
108.139534
134.883713
120.930229
117.441856
119.767441
98.837204
116.279068
205.813950
132.558136
223.255814
125.581390
240.697678
127.906975
252.325577
139.534882
239.534882
140.697678
222.093018
138.372086
91.860466
241.860458
123.255814
236.046509
154.651154
232.558136
170.930237
239.534882
188.372086
237.209305
209.302322
246.511627
222.093018
261.627899
204.651154
284.883728
183.720932
293.023254
165.116272
293.023254
145.348831
287.209290
118.604652
272.093018
100.000000
245.348831
152.325577
247.674408
168.604645
251.162781
186.046509
252.325577
215.116272
261.627899
184.883713
275.581390
166.279068
273.255798
148.837204
269.767426
