-22.093023
70.930229
-22.093023
108.139534
-19.767441
147.674423
-13.953488
187.209305
0.000000
229.069763
26.744186
262.790680
59.302326
291.860474
97.674416
317.441864
141.860458
325.581390
184.883713
320.930237
217.441864
296.511627
243.023254
266.279053
263.953491
230.232559
275.581390
191.860458
284.883728
153.488373
288.372101
115.116280
287.209290
77.906975
19.767441
20.930233
44.186047
4.651163
73.255814
2.325581
102.325577
9.302325
129.069763
22.093023
176.744186
24.418604
202.325577
13.953488
230.232559
10.465117
255.813950
17.441860
270.930237
38.372093
153.488373
58.139534
154.651154
81.395348
155.813950
104.651161
156.976746
130.232559
113.953484
155.813950
133.720932
159.302322
152.325577
165.116272
169.767441
161.627899
187.209305
158.139526
50.000000
61.627907
67.441856
53.488373
87.209297
54.651161
104.651161
67.441856
86.046509
68.604652
66.279068
67.441856
193.023254
72.093025
212.790695
61.627907
231.395340
61.627907
246.511627
72.093025
231.395340
75.581390
212.790695
74.418602
73.255814
203.488373
101.162788
194.186050
131.395340
188.372086
150.000000
194.186050
169.767441
189.534882
195.348831
197.674408
217.441864
211.627899
195.348831
239.534882
170.930237
250.000000
150.000000
251.162781
127.906975
248.837204
100.000000
233.720932
81.395348
206.976746
130.232559
204.651154
150.000000
206.976746
169.767441
206.976746
208.139526
212.790695
169.767441
227.906967
150.000000
229.069763
129.069763
226.744186
