-13.953488
108.139534
-16.279070
147.674423
-15.116279
190.697678
-10.465117
231.395340
3.488372
272.093018
32.558140
303.488373
68.604652
331.395355
108.139534
353.488373
151.162781
362.790680
186.046509
359.302307
211.627899
338.372101
232.558136
309.302307
251.162781
277.906982
263.953491
245.348831
274.418610
210.465118
277.906982
177.906967
276.744171
146.511627
54.651161
66.279068
82.558136
55.813953
111.627907
56.976742
138.372086
65.116280
162.790695
79.069763
205.813950
87.209297
226.744186
80.232559
246.511627
80.232559
265.116272
88.372093
273.255798
103.488373
182.558136
118.604652
183.720932
138.372086
187.209305
158.139526
189.534882
177.906967
143.023254
201.162781
160.465118
206.976746
175.581390
212.790695
190.697678
212.790695
203.488373
209.302322
83.720932
105.813950
101.162788
98.837204
120.930229
102.325577
134.883713
117.441856
118.604652
116.279068
98.837204
113.953484
203.488373
129.069763
220.930222
118.604652
238.372086
120.930229
250.000000
133.720932
238.372086
136.046509
220.930222
133.720932
95.348839
240.697678
125.581390
233.720932
155.813950
231.395340
172.093018
237.209305
188.372086
236.046509
208.139526
245.348831
219.767441
260.465118
203.488373
283.720917
183.720932
293.023254
165.116272
291.860474
146.511627
287.209290
119.767441
272.093018
103.488373
245.348831
153.488373
247.674408
169.767441
250.000000
187.209305
251.162781
212.790695
260.465118
184.883713
272.093018
167.441864
272.093018
150.000000
268.604645
