-6.976744
117.441856
-10.465117
155.813950
-10.465117
197.674408
-5.813953
238.372086
9.302325
277.906982
39.534882
308.139526
75.581390
332.558136
113.953484
353.488373
153.488373
361.627899
188.372086
358.139526
213.953491
337.209290
234.883713
310.465118
252.325577
277.906982
263.953491
246.511627
274.418610
213.953491
276.744171
182.558136
274.418610
153.488373
60.465115
63.953487
87.209297
53.488373
115.116280
54.651161
140.697678
61.627907
163.953491
77.906975
208.139526
84.883720
229.069763
79.069763
250.000000
81.395348
267.441864
90.697670
274.418610
108.139534
183.720932
115.116280
186.046509
134.883713
188.372086
154.651154
191.860458
174.418594
145.348831
198.837204
162.790695
204.651154
179.069763
211.627899
193.023254
210.465118
206.976746
206.976746
84.883720
102.325577
102.325577
94.186043
120.930229
97.674416
136.046509
115.116280
118.604652
112.790695
98.837204
109.302322
205.813950
126.744186
223.255814
116.279068
241.860458
118.604652
252.325577
133.720932
240.697678
134.883713
223.255814
131.395340
96.511627
239.534882
127.906975
230.232559
159.302322
227.906967
174.418594
234.883713
190.697678
232.558136
211.627899
243.023254
222.093018
259.302307
206.976746
281.395355
186.046509
290.697662
168.604645
290.697662
150.000000
286.046509
122.093018
270.930237
103.488373
243.023254
156.976746
243.023254
172.093018
246.511627
189.534882
247.674408
216.279068
260.465118
187.209305
272.093018
169.767441
270.930237
153.488373
267.441864
