-8.139535
113.953484
-10.465117
153.488373
-10.465117
196.511627
-5.813953
237.209305
10.465117
275.581390
39.534882
305.813934
76.744186
331.395355
116.279068
352.325562
158.139526
360.465118
193.023254
356.976746
219.767441
334.883728
240.697678
306.976746
256.976746
274.418610
268.604645
243.023254
277.906982
209.302322
281.395355
179.069763
280.232544
148.837204
61.627907
65.116280
87.209297
54.651161
116.279068
55.813953
143.023254
63.953487
166.279068
77.906975
210.465118
84.883720
232.558136
79.069763
252.325577
80.232559
269.767426
88.372093
276.744171
105.813950
187.209305
116.279068
188.372086
137.209305
190.697678
155.813950
194.186050
176.744186
146.511627
200.000000
165.116272
205.813950
180.232559
211.627899
195.348831
210.465118
209.302322
208.139526
86.046509
104.651161
104.651161
96.511627
123.255814
100.000000
138.372086
116.279068
120.930229
115.116280
101.162788
111.627907
208.139526
127.906975
225.581390
117.441856
244.186035
119.767441
254.651154
132.558136
243.023254
134.883713
224.418594
132.558136
98.837204
240.697678
131.395340
231.395340
161.627899
229.069763
176.744186
236.046509
193.023254
233.720932
213.953491
243.023254
225.581390
259.302307
209.302322
283.720917
188.372086
291.860474
170.930237
291.860474
152.325577
287.209290
125.581390
272.093018
106.976746
244.186035
159.302322
245.348831
174.418594
248.837204
191.860458
250.000000
218.604645
259.302307
189.534882
270.930237
172.093018
269.767426
155.813950
266.279053
