-1.935484
112.258064
-3.870968
145.161301
-3.870968
180.000000
0.000000
214.838715
10.645162
247.741943
33.870968
276.774200
65.806450
299.032257
100.645164
319.354858
137.419357
327.096771
168.387100
323.225830
188.709686
302.903229
206.129044
278.709686
219.677429
251.612915
230.322586
223.548401
238.064529
196.451614
240.000000
169.354843
237.096786
143.225815
55.161293
80.322586
76.451614
68.709679
101.612907
68.709679
125.806458
75.483871
146.129044
88.064522
180.000000
94.838715
198.387100
90.000000
216.774200
90.967743
231.290329
97.741936
236.129044
112.258064
161.612915
120.967743
163.548386
137.419357
165.483871
152.903229
168.387100
169.354843
129.677429
190.645172
144.193558
194.516129
157.741943
199.354843
169.354843
199.354843
180.000000
196.451614
78.387100
110.322586
91.935486
103.548393
108.387100
105.483871
120.967743
119.032265
106.451614
119.032265
90.967743
117.096779
179.032257
126.774200
194.516129
119.032265
209.032257
121.935486
218.709686
133.548386
208.064529
134.516129
193.548386
131.612900
90.000000
224.516129
114.193550
218.709686
140.322586
214.838715
153.870972
220.645172
166.451614
218.709686
183.870972
227.419357
194.516129
240.000000
180.967743
260.322601
163.548386
267.096771
150.000000
266.129028
134.516129
263.225800
111.290329
251.612915
95.806458
227.419357
139.354843
228.387100
152.903229
230.322586
165.483871
231.290329
188.709686
240.967743
164.516129
250.645172
150.967743
249.677429
136.451614
246.774200
