19.417477
76.699028
19.417477
109.708740
21.359224
143.689331
25.242720
176.699036
36.893204
208.737869
58.252430
235.922333
85.436897
260.194183
116.504860
282.524292
153.398056
289.320404
188.349518
285.436890
213.592239
265.048553
234.951462
241.747574
253.398071
212.621368
265.048553
181.553406
272.815552
150.485443
275.728149
119.417480
273.786407
89.320389
57.281555
38.834953
77.669907
25.242720
102.912621
24.271845
127.184471
30.097088
148.543686
42.718449
187.378647
44.660194
207.766998
35.922333
229.126221
33.009708
250.485443
38.834953
262.135925
56.310680
166.990295
72.815536
166.990295
92.233009
167.961166
109.708740
168.932037
130.097092
134.951462
151.456314
149.514572
155.339813
164.077667
160.194183
178.640778
158.252426
192.233017
155.339813
81.553398
71.844666
96.116508
65.048546
112.621361
66.990295
126.213593
77.669907
111.650490
77.669907
95.145638
76.699028
199.029129
82.524277
213.592239
74.757286
230.097092
75.728157
241.747574
84.466019
230.097092
87.378647
214.563110
86.407768
96.116508
186.407776
123.300972
180.582535
149.514572
178.640778
164.077667
182.524277
179.611649
180.582535
200.000000
186.407776
217.475739
196.116516
197.087387
219.417480
176.699036
229.126221
160.194183
229.126221
143.689331
226.213593
118.446602
213.592239
103.883499
189.320389
147.572815
191.262146
163.106796
193.203888
178.640778
194.174759
209.708740
198.058258
176.699036
210.679611
161.165054
211.650497
144.660202
208.737869
