-24.418604
73.255814
-24.418604
112.790695
-23.255814
152.325577
-18.604650
193.023254
-3.488372
231.395340
22.093023
262.790680
54.651161
290.697662
90.697670
313.953491
133.720932
324.418610
173.255814
319.767426
203.488373
296.511627
227.906967
268.604645
247.674408
234.883713
260.465118
200.000000
269.767426
163.953491
274.418610
126.744186
273.255798
93.023254
22.093023
34.883720
46.511627
19.767441
76.744186
17.441860
104.651161
24.418604
131.395340
38.372093
174.418594
41.860466
198.837204
32.558140
225.581390
30.232557
251.162781
40.697674
260.465118
65.116280
148.837204
69.767441
150.000000
94.186043
151.162781
117.441856
152.325577
141.860458
110.465111
163.953491
127.906975
168.604645
145.348831
174.418594
161.627899
172.093018
177.906967
169.767441
53.488373
68.604652
69.767441
63.953487
88.372093
63.953487
104.651161
75.581390
87.209297
75.581390
68.604652
73.255814
184.883713
82.558136
202.325577
75.581390
219.767441
76.744186
234.883713
87.209297
219.767441
88.372093
201.162781
86.046509
65.116280
203.488373
95.348839
197.674408
124.418602
195.348831
143.023254
201.162781
160.465118
197.674408
184.883713
205.813950
205.813950
217.441864
182.558136
244.186035
158.139526
253.488373
138.372086
253.488373
117.441856
248.837204
90.697670
233.720932
73.255814
206.976746
123.255814
209.302322
141.860458
212.790695
159.302322
212.790695
197.674408
218.604645
158.139526
234.883713
140.697678
233.720932
119.767441
230.232559
