-19.767441
80.232559
-22.093023
118.604652
-22.093023
158.139526
-17.441860
197.674408
-4.651163
234.883713
20.930233
266.279053
52.325581
294.186035
88.372093
317.441864
126.744186
327.906982
163.953491
325.581390
193.023254
305.813934
217.441864
277.906982
237.209305
245.348831
250.000000
212.790695
260.465118
177.906967
266.279053
141.860458
267.441864
109.302322
30.232557
40.697674
53.488373
26.744186
82.558136
26.744186
109.302322
36.046513
134.883713
50.000000
174.418594
54.651161
198.837204
47.674419
224.418594
46.511627
247.674408
55.813953
256.976746
77.906975
152.325577
83.720932
152.325577
105.813950
153.488373
127.906975
153.488373
151.162781
110.465111
170.930237
127.906975
176.744186
144.186050
183.720932
160.465118
182.558136
175.581390
179.069763
56.976742
77.906975
74.418602
72.093025
93.023254
74.418602
108.139534
86.046509
89.534882
86.046509
72.093025
82.558136
181.395340
95.348839
200.000000
88.372093
217.441864
90.697670
231.395340
101.162788
216.279068
102.325577
198.837204
98.837204
63.953487
205.813950
93.023254
202.325577
122.093018
201.162781
140.697678
208.139526
156.976746
205.813950
180.232559
212.790695
201.162781
224.418594
176.744186
250.000000
153.488373
259.302307
134.883713
258.139526
115.116280
253.488373
88.372093
238.372086
72.093025
209.302322
120.930229
213.953491
138.372086
217.441864
155.813950
218.604645
193.023254
225.581390
153.488373
240.697678
137.209305
239.534882
117.441856
236.046509
