4.838710
124.838715
7.741936
157.741943
13.548388
191.612915
22.258064
226.451614
37.741936
261.290344
63.870968
286.451630
96.774193
307.741943
133.548386
327.096771
174.193558
330.967743
212.903229
326.129028
242.903229
309.677429
266.129028
284.516144
282.580658
251.612915
292.258087
215.806458
298.064514
179.032257
297.096771
142.258072
293.225830
106.451614
36.774193
71.612907
54.193550
50.322582
82.258064
44.516129
111.290329
47.419357
136.451614
57.096775
172.258072
53.225807
198.387100
40.645161
227.419357
36.774193
254.516144
45.483871
270.000000
67.741936
159.677429
87.096779
162.580643
106.451614
165.483871
124.838715
168.387100
145.161301
135.483871
180.000000
150.967743
181.935486
166.451614
182.903229
180.000000
180.967743
193.548386
179.032257
67.741936
98.709679
82.258064
86.129036
101.612907
84.193550
118.064522
97.741936
102.580650
100.645164
83.225807
101.612907
199.354843
95.806458
215.806458
82.258064
235.161301
82.258064
247.741943
93.870972
236.129044
97.741936
217.741943
97.741936
120.967743
238.064529
138.387100
219.677429
157.741943
207.096786
170.322586
211.935486
183.870972
206.129044
204.193558
217.741943
221.612915
237.096786
206.129044
245.806458
188.709686
251.612915
174.193558
252.580658
159.677429
251.612915
140.322586
247.741943
128.709686
237.096786
157.741943
229.354843
170.322586
229.354843
184.838715
228.387100
212.903229
235.161301
184.838715
229.354843
171.290329
230.322586
157.741943
229.354843
