-3.870968
100.645164
-1.935484
135.483871
1.935484
172.258072
9.677420
210.967743
25.161291
245.806458
50.322582
274.838715
82.258064
298.064514
117.096779
316.451630
155.806458
319.354858
190.645172
313.548401
214.838715
292.258087
235.161301
267.096771
248.709686
236.129044
257.419373
202.258072
264.193542
169.354843
266.129028
136.451614
265.161285
105.483871
36.774193
59.032261
57.096775
43.548389
84.193550
40.645161
110.322586
45.483871
134.516129
56.129032
176.129044
58.064518
197.419357
48.387096
221.612915
44.516129
243.870972
52.258064
254.516144
73.548386
156.774200
90.000000
159.677429
110.322586
162.580643
128.709686
164.516129
149.032257
129.677429
180.000000
144.193558
181.935486
159.677429
184.838715
173.225815
181.935486
185.806458
180.000000
61.935486
92.903229
79.354843
84.193550
97.741936
84.193550
113.225807
95.806458
96.774193
98.709679
78.387100
98.709679
189.677429
98.709679
205.161301
89.032257
221.612915
89.032257
234.193558
98.709679
223.548401
103.548393
206.129044
102.580650
109.354843
233.225815
129.677429
218.709686
149.032257
209.032257
161.612915
213.870972
173.225815
210.000000
188.709686
219.677429
200.322586
234.193558
187.741943
244.838715
173.225815
249.677429
159.677429
250.645172
146.129044
249.677429
127.741936
244.838715
118.064522
233.225815
148.064514
228.387100
160.645172
230.322586
173.225815
229.354843
191.612915
233.225815
173.225815
229.354843
159.677429
230.322586
147.096771
229.354843
