10.645162
107.419357
13.548388
142.258072
18.387096
179.032257
26.129032
213.870972
40.645161
248.709686
66.774193
276.774200
99.677422
300.000000
135.483871
318.387115
174.193558
322.258087
208.064529
314.516144
230.322586
294.193542
249.677429
270.000000
262.258087
240.000000
270.000000
209.032257
274.838715
178.064514
277.741943
146.129044
278.709686
117.096779
53.225807
65.806450
73.548386
47.419357
101.612907
43.548389
129.677429
49.354839
153.870972
60.967743
192.580658
61.935486
213.870972
51.290325
238.064529
47.419357
260.322601
56.129032
268.064514
77.419357
174.193558
91.935486
177.096786
112.258064
180.000000
130.645172
182.903229
150.967743
146.129044
180.967743
161.612915
183.870972
176.129044
185.806458
189.677429
184.838715
202.258072
181.935486
79.354843
94.838715
95.806458
86.129036
114.193550
86.129036
129.677429
98.709679
114.193550
101.612907
95.806458
100.645164
205.161301
101.612907
221.612915
91.935486
239.032272
92.903229
249.677429
103.548393
239.032272
108.387100
222.580658
106.451614
123.870972
234.193558
145.161301
218.709686
164.516129
210.000000
176.129044
214.838715
188.709686
211.935486
205.161301
221.612915
218.709686
237.096786
205.161301
246.774200
190.645172
250.645172
177.096786
251.612915
164.516129
249.677429
145.161301
244.838715
133.548386
233.225815
164.516129
228.387100
175.161301
229.354843
188.709686
229.354843
210.967743
235.161301
189.677429
232.258072
177.096786
231.290329
165.483871
230.322586
