-10.645162
101.612907
-8.709678
138.387100
-5.806452
176.129044
0.967742
212.903229
18.387096
247.741943
44.516129
276.774200
77.419357
300.000000
112.258064
318.387115
150.967743
322.258087
185.806458
316.451630
208.064529
295.161285
224.516129
269.032257
237.096786
238.064529
244.838715
205.161301
251.612915
171.290329
252.580658
138.387100
250.645172
106.451614
39.677422
54.193550
60.967743
42.580647
86.129036
43.548389
109.354843
48.387096
131.612900
57.096775
173.225815
59.032261
192.580658
51.290325
213.870972
48.387096
233.225815
53.225807
241.935486
69.677422
152.903229
91.935486
154.838715
112.258064
157.741943
131.612900
160.645172
151.935486
126.774200
180.000000
140.322586
183.870972
154.838715
186.774200
167.419357
184.838715
179.032257
181.935486
61.935486
92.903229
77.419357
85.161293
94.838715
85.161293
109.354843
95.806458
93.870972
99.677422
76.451614
99.677422
181.935486
98.709679
197.419357
90.000000
213.870972
90.000000
224.516129
99.677422
213.870972
104.516129
198.387100
103.548393
105.483871
234.193558
124.838715
219.677429
144.193558
210.000000
156.774200
214.838715
167.419357
210.967743
182.903229
220.645172
195.483871
237.096786
182.903229
246.774200
169.354843
250.645172
156.774200
251.612915
143.225815
249.677429
123.870972
245.806458
114.193550
233.225815
144.193558
229.354843
155.806458
230.322586
167.419357
230.322586
187.741943
235.161301
167.419357
230.322586
156.774200
230.322586
143.225815
230.322586
