-3.870968
103.548393
-2.903226
139.354843
0.967742
175.161301
7.741936
210.967743
23.225807
245.806458
48.387096
274.838715
80.322586
298.064514
117.096779
317.419373
157.741943
322.258087
191.612915
316.451630
213.870972
295.161285
231.290329
269.032257
243.870972
238.064529
250.645172
207.096786
256.451630
176.129044
257.419373
145.161301
255.483871
116.129036
46.451614
60.000000
68.709679
46.451614
95.806458
44.516129
121.935486
51.290325
145.161301
62.903229
183.870972
65.806450
203.225815
57.096775
225.483871
53.225807
244.838715
58.064518
254.516144
76.451614
164.516129
96.774193
166.451614
116.129036
170.322586
134.516129
172.258072
153.870972
136.451614
183.870972
150.967743
186.774200
166.451614
189.677429
179.032257
186.774200
190.645172
182.903229
70.645164
96.774193
87.096779
88.064522
105.483871
88.064522
120.000000
100.645164
104.516129
102.580650
86.129036
101.612907
193.548386
106.451614
209.032257
96.774193
226.451614
96.774193
236.129044
107.419357
225.483871
111.290329
210.000000
110.322586
112.258064
235.161301
134.516129
221.612915
153.870972
212.903229
167.419357
217.741943
178.064514
213.870972
193.548386
223.548401
204.193558
239.032272
192.580658
248.709686
179.032257
253.548401
166.451614
254.516144
151.935486
253.548401
132.580643
247.741943
121.935486
235.161301
152.903229
231.290329
165.483871
232.258072
178.064514
232.258072
196.451614
237.096786
178.064514
233.225815
166.451614
233.225815
152.903229
232.258072
