2.903226
104.516129
3.870968
141.290329
5.806452
178.064514
12.580646
213.870972
29.032259
249.677429
54.193550
279.677429
86.129036
304.838715
122.903229
324.193573
163.548386
329.032257
198.387100
322.258087
221.612915
300.967743
240.000000
274.838715
252.580658
243.870972
259.354858
211.935486
265.161285
180.000000
267.096771
149.032257
265.161285
120.000000
52.258064
66.774193
75.483871
50.322582
104.516129
49.354839
131.612900
57.096775
156.774200
69.677422
188.709686
73.548386
209.032257
62.903229
233.225815
58.064518
254.516144
65.806450
262.258087
86.129036
172.258072
100.645164
175.161301
120.967743
178.064514
139.354843
181.935486
159.677429
142.258072
186.774200
157.741943
190.645172
173.225815
194.516129
186.774200
192.580658
199.354843
188.709686
80.322586
101.612907
96.774193
95.806458
114.193550
96.774193
127.741936
105.483871
113.225807
107.419357
95.806458
107.419357
199.354843
110.322586
215.806458
104.516129
231.290329
106.451614
240.967743
115.161293
231.290329
117.096779
215.806458
115.161293
119.032265
241.935486
143.225815
226.451614
163.548386
217.741943
174.193558
223.548401
185.806458
219.677429
200.322586
229.354843
210.000000
244.838715
198.387100
254.516144
185.806458
258.387115
173.225815
259.354858
160.645172
258.387115
140.322586
253.548401
128.709686
240.967743
162.580643
237.096786
173.225815
237.096786
184.838715
237.096786
201.290329
242.903229
185.806458
238.064529
173.225815
239.032272
161.612915
238.064529
