2.912621
72.815536
3.883495
109.708740
6.796117
146.601944
14.563107
183.495148
29.126215
217.475739
52.427185
246.601944
82.524277
269.902924
116.504860
289.320404
155.339813
295.145630
189.320389
288.349518
213.592239
268.932037
233.980591
244.660202
249.514572
213.592239
257.281555
181.553406
264.077667
148.543686
266.990295
115.533981
266.019440
84.466019
43.689323
33.980583
64.077675
17.475729
92.233009
14.563107
118.446602
20.388350
142.718445
33.009708
180.582535
35.922333
201.941757
25.242720
226.213593
22.330097
248.543701
29.126215
258.252441
50.485439
161.165054
65.048546
164.077667
85.436897
166.019424
104.854370
167.961166
126.213593
132.038834
154.368942
147.572815
157.281555
162.135925
160.194183
174.757294
158.252426
187.378647
156.310684
68.932037
66.019417
85.436897
58.252430
103.883499
58.252430
119.417480
69.902916
102.912621
72.815536
84.466019
71.844666
192.233017
75.728157
209.708740
66.990295
227.184479
67.961166
238.834961
78.640778
227.184479
82.524277
209.708740
80.582527
108.737869
204.854370
130.097092
192.233017
148.543686
183.495148
161.165054
188.349518
171.844666
185.436905
186.407776
195.145630
199.029129
209.708740
186.407776
220.388351
172.815536
224.271851
160.194183
225.242722
146.601944
223.300980
128.155350
217.475739
117.475731
204.854370
147.572815
202.912628
160.194183
203.883499
172.815536
203.883499
191.262146
208.737869
171.844666
204.854370
160.194183
204.854370
147.572815
203.883499
