17.475729
78.640778
20.388350
112.621361
26.213593
146.601944
33.009708
180.582535
44.660194
213.592239
65.048546
241.747574
91.262138
266.019440
121.359230
287.378662
159.223312
292.233032
196.116516
287.378662
224.271851
266.990295
248.543701
243.689331
266.019440
214.563110
275.728149
181.553406
283.495148
147.572815
287.378662
113.592239
289.320404
77.669907
42.718449
34.951458
60.194176
18.446602
84.466019
14.563107
109.708740
20.388350
133.009720
28.155340
177.669907
29.126215
201.941757
18.446602
230.097092
13.592234
256.310699
23.300972
270.873779
45.631069
155.339813
60.194176
155.339813
81.553398
156.310684
101.941750
156.310684
123.300972
126.213593
152.427185
139.805832
154.368942
153.398056
157.281555
167.961166
155.339813
181.553406
153.398056
66.990295
66.990295
82.524277
58.252430
100.970879
58.252430
115.533981
69.902916
100.000000
73.786407
80.582527
73.786407
196.116516
71.844666
212.621368
61.165051
231.067963
61.165051
244.660202
70.873787
232.038849
76.699028
213.592239
75.728157
107.766991
205.825241
124.271851
191.262146
140.776703
181.553406
153.398056
186.407776
166.019424
182.524277
184.466019
192.233017
200.000000
206.796127
184.466019
218.446609
167.961166
222.330109
153.398056
224.271851
139.805832
222.330109
123.300972
217.475739
116.504860
204.854370
140.776703
200.970886
153.398056
201.941757
166.990295
200.970886
191.262146
205.825241
166.990295
201.941757
153.398056
202.912628
140.776703
200.970886
