15.533981
84.466019
16.504854
114.563110
20.388350
146.601944
25.242720
179.611649
35.922333
213.592239
53.398060
241.747574
75.728157
266.990295
103.883499
287.378662
139.805832
293.203888
177.669907
289.320404
206.796127
270.873779
233.980591
247.572815
255.339813
217.475739
268.932037
185.436905
275.728149
150.485443
280.582520
116.504860
281.553406
82.524277
29.126215
39.805828
44.660194
21.359224
69.902916
16.504854
94.174759
21.359224
117.475731
31.067963
158.252426
29.126215
184.466019
17.475729
212.621368
13.592234
239.805832
23.300972
255.339813
47.572819
137.864075
60.194176
137.864075
81.553398
136.893204
100.970879
135.922333
122.330101
108.737869
152.427185
121.359230
154.368942
134.951462
157.281555
149.514572
154.368942
164.077667
153.398056
52.427185
68.932037
66.990295
58.252430
86.407768
57.281555
102.912621
69.902916
85.436897
74.757286
66.019417
74.757286
179.611649
69.902916
197.087387
60.194176
216.504868
59.223301
230.097092
69.902916
217.475739
75.728157
198.058258
74.757286
92.233009
205.825241
106.796120
191.262146
123.300972
181.553406
135.922333
186.407776
147.572815
181.553406
166.019424
191.262146
186.407776
207.766998
166.990295
218.446609
149.514572
223.300980
135.922333
223.300980
122.330101
222.330109
105.825249
217.475739
100.000000
204.854370
123.300972
200.970886
135.922333
201.941757
147.572815
200.970886
176.699036
205.825241
147.572815
200.970886
135.922333
200.970886
123.300972
200.000000
