39.516129
96.774193
41.129032
120.967743
43.548386
145.967743
47.580647
173.387100
56.451611
200.806458
70.967743
223.387100
91.935486
243.548386
114.516129
262.096771
145.161285
267.741943
176.612900
262.903229
203.225800
246.774185
225.806442
227.419357
244.354843
202.419357
254.032257
174.193542
260.483856
145.161285
262.903229
115.322578
262.903229
85.483871
51.612904
53.225807
63.709679
41.129032
82.258064
37.903225
101.612900
41.129032
120.161293
48.387096
157.258057
45.967743
176.612900
36.290321
200.806458
32.258064
223.387100
39.516129
238.709671
56.451611
138.709671
72.580643
137.903229
89.516129
137.096771
105.645157
136.290329
123.387093
116.129028
149.193542
125.806450
151.612900
137.096771
152.419357
148.387100
150.806458
160.483871
150.000000
70.161293
81.451614
81.451614
71.774193
97.580643
70.967743
108.870964
81.451614
96.774193
85.483871
81.451614
86.290321
176.612900
80.645157
190.322586
71.774193
206.451614
70.967743
217.741928
80.645157
206.451614
86.290321
190.322586
85.483871
103.225807
194.354843
113.709679
182.258057
126.612900
173.387100
137.096771
177.419357
148.387100
173.387100
163.709671
181.451614
180.645157
194.354843
165.322586
204.838715
150.000000
208.064514
137.903229
208.870972
126.612900
207.258057
112.903221
203.225800
108.870964
192.741928
126.612900
189.516129
137.096771
190.322586
149.193542
190.322586
172.580643
193.548386
149.193542
190.322586
137.096771
191.129028
126.612900
190.322586
