49.354839
122.903229
50.322582
149.032257
53.225807
178.064514
59.032261
209.032257
64.838715
240.000000
76.451614
270.967743
93.870972
300.000000
118.064522
321.290344
153.870972
326.129028
193.548386
321.290344
226.451614
304.838715
253.548401
281.612915
276.774200
252.580658
290.322601
220.645172
299.032257
184.838715
302.903229
150.000000
303.870972
115.161293
50.322582
68.709679
62.903229
55.161293
82.258064
52.258064
103.548393
56.129032
123.870972
63.870968
167.419357
60.000000
192.580658
48.387096
221.612915
43.548389
249.677429
52.258064
266.129028
74.516129
146.129044
92.903229
145.161301
113.225807
143.225815
133.548386
141.290329
154.838715
119.032265
184.838715
130.645172
186.774200
144.193558
189.677429
157.741943
186.774200
172.258072
184.838715
68.709679
103.548393
81.290321
92.903229
100.645164
91.935486
116.129036
104.516129
100.645164
109.354843
81.290321
110.322586
190.645172
102.580650
208.064529
90.967743
227.419357
90.000000
242.903229
100.645164
228.387100
107.419357
209.032257
107.419357
102.580650
239.032272
116.129036
222.580658
130.645172
211.935486
143.225815
216.774200
156.774200
211.935486
177.096786
222.580658
198.387100
239.032272
178.064514
250.645172
159.677429
255.483871
144.193558
256.451630
129.677429
255.483871
114.193550
249.677429
109.354843
237.096786
131.612900
232.258072
143.225815
233.225815
157.741943
232.258072
188.709686
238.064529
157.741943
233.225815
143.225815
234.193558
130.645172
233.225815
