19.417477
116.504860
25.242720
151.456314
33.009708
188.349518
42.718449
223.300980
60.194176
256.310699
86.407768
281.553406
117.475731
302.912628
155.339813
317.475739
198.058258
318.446625
232.038849
309.708740
251.456314
289.320404
259.223297
258.252441
262.135925
222.330109
262.135925
188.349518
264.077667
156.310684
264.077667
125.242722
261.165070
94.174759
52.427185
62.135925
70.873787
41.747574
99.029129
34.951458
127.184471
35.922333
154.368942
45.631069
189.320389
41.747574
209.708740
30.097088
232.038849
24.271845
254.368942
28.155340
265.048553
45.631069
177.669907
73.786407
182.524277
94.174759
187.378647
113.592239
193.203888
133.980591
152.427185
166.990295
170.873795
168.932037
188.349518
170.873795
201.941757
166.990295
214.563110
163.106796
80.582527
90.291267
97.087379
79.611656
114.563110
76.699028
132.038834
86.407768
117.475731
90.291267
99.029129
93.203888
203.883499
83.495148
222.330109
71.844666
238.834961
70.873787
251.456314
79.611656
240.776703
83.495148
223.300980
84.466019
133.009720
229.126221
153.398056
208.737869
173.786407
198.058258
188.349518
201.941757
203.883499
197.087387
223.300980
207.766998
236.893204
225.242722
224.271851
236.893204
207.766998
242.718460
192.233017
244.660202
175.728165
243.689331
155.339813
238.834961
142.718445
228.155350
173.786407
220.388351
189.320389
220.388351
203.883499
219.417480
228.155350
224.271851
204.854370
219.417480
190.291275
221.359222
175.728165
220.388351
