51.290325
128.709686
52.258064
152.903229
56.129032
178.064514
61.935486
205.161301
68.709679
235.161301
77.419357
266.129028
90.000000
298.064514
112.258064
320.322601
146.129044
326.129028
185.806458
322.258087
220.645172
305.806458
248.709686
282.580658
271.935486
255.483871
285.483887
224.516129
294.193542
189.677429
299.032257
154.838715
300.967743
119.032265
45.483871
71.612907
56.129032
55.161293
75.483871
52.258064
95.806458
56.129032
114.193550
63.870968
160.645172
58.064518
185.806458
47.419357
213.870972
43.548389
241.935486
52.258064
258.387115
73.548386
136.451614
92.903229
134.516129
114.193550
131.612900
133.548386
128.709686
154.838715
109.354843
182.903229
120.000000
185.806458
132.580643
187.741943
147.096771
185.806458
162.580643
184.838715
64.838715
104.516129
75.483871
92.903229
93.870972
91.935486
109.354843
103.548393
93.870972
108.387100
75.483871
110.322586
183.870972
102.580650
201.290329
90.967743
220.645172
90.000000
236.129044
100.645164
221.612915
107.419357
202.258072
106.451614
95.806458
239.032272
105.483871
222.580658
119.032265
212.903229
131.612900
216.774200
145.161301
211.935486
166.451614
222.580658
187.741943
239.032272
167.419357
250.645172
148.064514
254.516144
133.548386
255.483871
119.032265
254.516144
105.483871
248.709686
102.580650
237.096786
119.032265
232.258072
131.612900
233.225815
147.096771
232.258072
178.064514
237.096786
146.129044
232.258072
131.612900
233.225815
119.032265
232.258072
