47.419357
131.612900
46.451614
156.774200
50.322582
182.903229
56.129032
211.935486
63.870968
240.967743
74.516129
270.967743
89.032257
300.000000
110.322586
322.258087
142.258072
327.096771
180.967743
323.225830
214.838715
306.774200
244.838715
283.548401
270.000000
254.516144
285.483887
221.612915
294.193542
186.774200
298.064514
151.935486
299.032257
116.129036
43.548389
69.677422
54.193550
54.193550
72.580650
51.290325
92.903229
54.193550
113.225807
61.935486
155.806458
58.064518
180.967743
47.419357
210.000000
42.580647
238.064529
51.290325
258.387115
73.548386
133.548386
91.935486
131.612900
113.225807
129.677429
132.580643
126.774200
153.870972
107.419357
183.870972
118.064522
186.774200
130.645172
188.709686
144.193558
186.774200
159.677429
184.838715
60.967743
104.516129
72.580650
92.903229
90.000000
92.903229
104.516129
103.548393
89.032257
108.387100
71.612907
109.354843
181.935486
101.612907
199.354843
90.967743
217.741943
90.967743
233.225815
100.645164
218.709686
106.451614
199.354843
105.483871
91.935486
239.032272
102.580650
221.612915
117.096779
212.903229
130.645172
216.774200
143.225815
211.935486
164.516129
222.580658
185.806458
240.967743
164.516129
251.612915
146.129044
255.483871
131.612900
256.451630
118.064522
254.516144
102.580650
249.677429
98.709679
237.096786
118.064522
233.225815
130.645172
233.225815
144.193558
233.225815
175.161301
239.032272
144.193558
232.258072
130.645172
233.225815
117.096779
232.258072
