60.967743
123.870972
59.032261
147.096771
62.903229
172.258072
66.774193
200.322586
69.677422
232.258072
77.419357
265.161285
90.000000
297.096771
111.290329
321.290344
144.193558
328.064514
183.870972
324.193573
218.709686
306.774200
249.677429
281.612915
273.870972
252.580658
288.387115
218.709686
297.096771
183.870972
302.903229
148.064514
305.806458
111.290329
50.322582
70.645164
59.032261
54.193550
76.451614
51.290325
95.806458
55.161293
115.161293
63.870968
157.741943
58.064518
183.870972
46.451614
214.838715
42.580647
242.903229
53.225807
262.258087
75.483871
135.483871
92.903229
132.580643
114.193550
128.709686
132.580643
124.838715
153.870972
106.451614
181.935486
117.096779
185.806458
129.677429
188.709686
145.161301
186.774200
161.612915
184.838715
71.612907
101.612907
81.290321
90.967743
98.709679
90.000000
116.129036
101.612907
99.677422
105.483871
82.258064
107.419357
182.903229
101.612907
199.354843
90.000000
218.709686
90.967743
235.161301
100.645164
219.677429
106.451614
200.322586
105.483871
92.903229
238.064529
103.548393
222.580658
118.064522
212.903229
130.645172
217.741943
144.193558
211.935486
165.483871
223.548401
187.741943
240.000000
166.451614
249.677429
146.129044
253.548401
130.645172
254.516144
117.096779
253.548401
103.548393
247.741943
99.677422
237.096786
118.064522
232.258072
131.612900
233.225815
146.129044
232.258072
177.096786
239.032272
144.193558
233.225815
129.677429
234.193558
117.096779
233.225815
