46.451614
128.709686
47.419357
153.870972
51.290325
180.000000
57.096775
208.064529
62.903229
238.064529
71.612907
268.064514
86.129036
298.064514
108.387100
319.354858
142.258072
325.161285
181.935486
321.290344
217.741943
305.806458
247.741943
282.580658
272.903229
255.483871
286.451630
223.548401
296.129028
188.709686
300.000000
154.838715
301.935486
120.967743
44.516129
72.580650
54.193550
56.129032
73.548386
51.290325
92.903229
54.193550
113.225807
61.935486
157.741943
60.000000
183.870972
48.387096
213.870972
44.516129
241.935486
53.225807
260.322601
77.419357
135.483871
91.935486
133.548386
112.258064
130.645172
132.580643
127.741936
152.903229
107.419357
182.903229
119.032265
185.806458
131.612900
187.741943
146.129044
184.838715
160.645172
183.870972
62.903229
104.516129
73.548386
91.935486
92.903229
90.967743
108.387100
103.548393
91.935486
107.419357
73.548386
109.354843
183.870972
102.580650
201.290329
90.000000
220.645172
90.000000
236.129044
101.612907
221.612915
107.419357
202.258072
106.451614
91.935486
238.064529
103.548393
222.580658
117.096779
211.935486
130.645172
215.806458
143.225815
211.935486
163.548386
222.580658
186.774200
239.032272
165.483871
249.677429
147.096771
254.516144
132.580643
254.516144
119.032265
253.548401
104.516129
248.709686
99.677422
237.096786
118.064522
232.258072
130.645172
232.258072
145.161301
231.290329
176.129044
238.064529
145.161301
232.258072
131.612900
233.225815
118.064522
232.258072
