57.096775
126.774200
54.193550
148.064514
56.129032
173.225815
60.000000
200.322586
62.903229
230.322586
69.677422
262.258087
82.258064
294.193542
101.612907
318.387115
133.548386
325.161285
173.225815
323.225830
208.064529
306.774200
240.967743
284.516144
268.064514
255.483871
284.516144
223.548401
295.161285
186.774200
301.935486
150.967743
303.870972
114.193550
42.580647
70.645164
51.290325
53.225807
70.645164
49.354839
90.000000
53.225807
109.354843
62.903229
146.129044
60.967743
173.225815
47.419357
205.161301
43.548389
236.129044
55.161293
256.451630
80.322586
126.774200
92.903229
123.870972
113.225807
119.032265
132.580643
114.193550
152.903229
97.741936
180.967743
108.387100
183.870972
120.000000
186.774200
134.516129
183.870972
150.967743
182.903229
60.000000
99.677422
69.677422
89.032257
87.096779
89.032257
103.548393
100.645164
87.096779
104.516129
69.677422
105.483871
175.161301
101.612907
191.612915
90.000000
211.935486
90.000000
227.419357
99.677422
211.935486
106.451614
192.580658
105.483871
83.225807
237.096786
91.935486
220.645172
105.483871
210.000000
118.064522
214.838715
131.612900
210.000000
151.935486
221.612915
174.193558
239.032272
152.903229
248.709686
134.516129
252.580658
120.000000
253.548401
105.483871
252.580658
91.935486
246.774200
90.967743
236.129044
106.451614
230.322586
119.032265
231.290329
132.580643
230.322586
164.516129
238.064529
132.580643
231.290329
118.064522
232.258072
106.451614
231.290329
