47.419357
121.935486
43.548389
144.193558
43.548389
169.354843
45.483871
197.419357
47.419357
229.354843
52.258064
261.290344
65.806450
291.290344
88.064522
314.516144
120.967743
322.258087
161.612915
321.290344
201.290329
305.806458
236.129044
284.516144
264.193542
255.483871
278.709686
222.580658
289.354858
187.741943
295.161285
152.903229
297.096771
117.096779
37.741936
69.677422
47.419357
54.193550
64.838715
51.290325
84.193550
56.129032
102.580650
64.838715
139.354843
60.967743
166.451614
48.387096
196.451614
44.516129
226.451614
54.193550
246.774200
76.451614
117.096779
93.870972
112.258064
113.225807
106.451614
131.612900
99.677422
151.935486
87.096779
180.967743
95.806458
183.870972
107.419357
186.774200
121.935486
184.838715
138.387100
182.903229
53.225807
101.612907
63.870968
90.967743
82.258064
90.000000
98.709679
102.580650
81.290321
106.451614
63.870968
107.419357
166.451614
101.612907
183.870972
90.000000
203.225815
90.967743
219.677429
100.645164
204.193558
106.451614
183.870972
105.483871
74.516129
235.161301
81.290321
219.677429
92.903229
210.000000
105.483871
213.870972
118.064522
210.000000
138.387100
220.645172
162.580643
238.064529
139.354843
246.774200
121.935486
251.612915
107.419357
252.580658
92.903229
250.645172
82.258064
244.838715
81.290321
233.225815
93.870972
229.354843
106.451614
230.322586
120.000000
229.354843
151.935486
237.096786
119.032265
230.322586
105.483871
230.322586
92.903229
230.322586
