71.612907
115.161293
67.741936
140.322586
66.774193
168.387100
68.709679
199.354843
71.612907
231.290329
80.322586
262.258087
91.935486
292.258087
110.322586
316.451630
141.290329
324.193573
182.903229
322.258087
221.612915
310.645172
259.354858
289.354858
291.290344
261.290344
309.677429
227.419357
321.290344
189.677429
326.129028
150.967743
329.032257
111.290329
67.741936
68.709679
76.451614
55.161293
91.935486
53.225807
108.387100
58.064518
126.774200
63.870968
164.516129
60.000000
191.612915
48.387096
220.645172
44.516129
249.677429
53.225807
270.000000
74.516129
141.290329
91.935486
136.451614
111.290329
130.645172
129.677429
123.870972
150.000000
111.290329
180.000000
120.000000
181.935486
130.645172
184.838715
146.129044
182.903229
162.580643
182.903229
82.258064
102.580650
91.935486
91.935486
108.387100
91.935486
123.870972
103.548393
107.419357
106.451614
91.935486
107.419357
191.612915
102.580650
208.064529
91.935486
227.419357
91.935486
243.870972
100.645164
228.387100
107.419357
209.032257
106.451614
100.645164
236.129044
107.419357
220.645172
118.064522
210.967743
128.709686
214.838715
142.258072
211.935486
162.580643
223.548401
186.774200
240.967743
162.580643
249.677429
143.225815
253.548401
128.709686
253.548401
117.096779
251.612915
106.451614
245.806458
106.451614
235.161301
119.032265
231.290329
129.677429
231.290329
143.225815
231.290329
176.129044
240.000000
142.258072
232.258072
128.709686
233.225815
117.096779
231.290329
