69.677422
124.838715
65.806450
150.000000
66.774193
176.129044
68.709679
205.161301
70.645164
237.096786
77.419357
267.096771
89.032257
297.096771
106.451614
320.322601
136.451614
327.096771
178.064514
326.129028
217.741943
314.516144
255.483871
295.161285
286.451630
267.096771
304.838715
234.193558
317.419373
198.387100
325.161285
160.645172
330.967743
121.935486
62.903229
69.677422
71.612907
57.096775
86.129036
55.161293
103.548393
58.064518
120.000000
65.806450
160.645172
61.935486
189.677429
50.322582
219.677429
48.387096
249.677429
59.032261
271.935486
79.354843
136.451614
96.774193
131.612900
116.129036
124.838715
136.451614
118.064522
156.774200
105.483871
184.838715
115.161293
186.774200
124.838715
189.677429
139.354843
187.741943
155.806458
187.741943
78.387100
102.580650
88.064522
92.903229
105.483871
91.935486
119.032265
105.483871
104.516129
108.387100
88.064522
109.354843
186.774200
106.451614
204.193558
93.870972
224.516129
94.838715
240.000000
105.483871
224.516129
111.290329
205.161301
110.322586
92.903229
239.032272
99.677422
222.580658
111.290329
213.870972
122.903229
218.709686
137.419357
214.838715
158.709686
226.451614
181.935486
245.806458
157.741943
252.580658
138.387100
256.451630
122.903229
257.419373
110.322586
255.483871
98.709679
249.677429
99.677422
237.096786
112.258064
234.193558
123.870972
235.161301
138.387100
235.161301
171.290329
243.870972
137.419357
236.129044
122.903229
236.129044
111.290329
235.161301
