73.548386
121.935486
68.709679
144.193558
67.741936
168.387100
69.677422
195.483871
70.645164
227.419357
74.516129
259.354858
84.193550
292.258087
99.677422
319.354858
131.612900
328.064514
174.193558
327.096771
214.838715
314.516144
251.612915
294.193542
282.580658
266.129028
301.935486
233.225815
316.451630
197.419357
325.161285
159.677429
330.000000
120.967743
61.935486
68.709679
70.645164
56.129032
86.129036
55.161293
102.580650
60.000000
119.032265
68.709679
155.806458
63.870968
183.870972
52.258064
214.838715
49.354839
245.806458
60.000000
269.032257
79.354843
132.580643
96.774193
126.774200
118.064522
120.000000
138.387100
112.258064
159.677429
101.612907
185.806458
110.322586
188.709686
120.967743
191.612915
136.451614
189.677429
151.935486
189.677429
75.483871
101.612907
85.161293
91.935486
102.580650
91.935486
118.064522
105.483871
100.645164
108.387100
84.193550
109.354843
183.870972
107.419357
202.258072
94.838715
221.612915
94.838715
237.096786
105.483871
221.612915
112.258064
201.290329
111.290329
90.000000
239.032272
94.838715
223.548401
106.451614
215.806458
118.064522
219.677429
132.580643
215.806458
152.903229
227.419357
178.064514
245.806458
152.903229
254.516144
132.580643
257.419373
118.064522
258.387115
104.516129
257.419373
93.870972
250.645172
96.774193
238.064529
106.451614
235.161301
118.064522
236.129044
132.580643
236.129044
168.387100
243.870972
131.612900
238.064529
117.096779
237.096786
104.516129
237.096786
