64.516129
93.548386
62.903225
116.935486
62.903225
141.129028
64.516129
166.129028
69.354836
191.935486
78.225807
215.322586
90.322578
239.516129
107.258064
258.870972
131.451614
265.322571
163.709671
264.516113
195.967743
254.032257
227.419357
238.709671
253.225800
216.935486
269.354828
190.322586
279.838715
160.483871
286.290314
129.032257
290.322571
96.774193
69.354836
50.000000
77.419357
39.516129
91.935486
38.709679
107.258064
42.741936
121.774193
49.193546
154.032257
48.387096
176.612900
38.709679
202.419357
35.483871
227.419357
46.774193
245.161285
66.129028
133.870972
74.193550
130.645157
91.129028
125.806450
107.258064
120.967743
124.193550
109.677422
149.193542
116.935486
150.806458
125.806450
152.419357
137.903229
151.612900
152.419357
151.612900
81.451614
77.419357
91.935486
69.354836
106.451614
70.161293
119.354836
80.645157
104.838707
83.064514
90.322578
82.258064
175.806458
83.064514
191.129028
74.193550
207.258057
74.193550
220.967743
83.870964
206.451614
88.709679
190.322586
87.096771
98.387093
192.741928
104.032257
180.645157
112.903221
173.387100
123.387093
176.612900
134.677414
173.387100
151.612900
183.870972
169.354843
198.387100
150.806458
204.032257
134.677414
207.258057
123.387093
207.258057
111.290321
204.838715
103.225807
200.000000
104.032257
191.935486
112.903221
187.903229
123.387093
188.709671
135.483871
189.516129
162.096771
196.774185
134.677414
190.322586
123.387093
190.322586
112.903221
189.516129
