12.621360
108.737869
17.475729
142.718445
24.271845
178.640778
33.009708
215.533981
48.543690
248.543701
71.844666
275.728149
102.912621
298.058258
140.776703
315.533997
182.524277
318.446625
220.388351
312.621368
245.631073
295.145630
258.252441
266.019440
264.077667
231.067963
265.048553
196.116516
266.019440
161.165054
266.019440
126.213593
264.077667
91.262138
42.718449
62.135925
60.194176
39.805828
88.349518
32.038837
117.475731
33.980583
144.660202
43.689323
182.524277
39.805828
203.883499
27.184467
228.155350
21.359224
251.456314
25.242720
264.077667
45.631069
168.932037
70.873787
171.844666
91.262138
175.728165
110.679611
179.611649
132.038834
140.776703
166.990295
158.252426
167.961166
175.728165
169.902924
190.291275
166.990295
204.854370
164.077667
70.873787
86.407768
87.378647
75.728157
105.825249
72.815536
122.330101
83.495148
107.766991
86.407768
88.349518
88.349518
200.000000
80.582527
216.504868
67.961166
233.980591
66.990295
246.601944
76.699028
235.922333
80.582527
218.446609
81.553398
124.271851
227.184479
141.747574
207.766998
161.165054
197.087387
175.728165
201.941757
191.262146
196.116516
210.679611
206.796127
228.155350
224.271851
212.621368
234.951462
196.116516
238.834961
179.611649
240.776703
164.077667
240.776703
144.660202
235.922333
132.038834
226.213593
162.135925
219.417480
176.699036
219.417480
191.262146
218.446609
219.417480
223.300980
193.203888
217.475739
177.669907
219.417480
163.106796
218.446609
