59.032261
114.193550
56.129032
139.354843
58.064518
167.419357
60.000000
197.419357
61.935486
231.290329
69.677422
263.225800
83.225807
294.193542
104.516129
317.419373
139.354843
326.129028
180.967743
323.225830
216.774200
307.741943
249.677429
285.483887
275.806458
258.387115
292.258087
227.419357
301.935486
192.580658
307.741943
159.677429
310.645172
126.774200
60.000000
61.935486
70.645164
47.419357
89.032257
46.451614
108.387100
52.258064
126.774200
60.967743
172.258072
60.967743
198.387100
51.290325
227.419357
48.387096
254.516144
60.000000
270.967743
83.225807
148.064514
91.935486
144.193558
112.258064
139.354843
130.645172
134.516129
150.967743
113.225807
179.032257
123.870972
182.903229
136.451614
185.806458
150.000000
184.838715
165.483871
183.870972
75.483871
96.774193
87.096779
87.096779
105.483871
87.096779
120.000000
99.677422
104.516129
104.516129
86.129036
104.516129
192.580658
104.516129
210.967743
93.870972
230.322586
95.806458
244.838715
106.451614
231.290329
112.258064
210.967743
110.322586
93.870972
234.193558
107.419357
219.677429
121.935486
210.967743
134.516129
215.806458
148.064514
211.935486
168.387100
225.483871
187.741943
241.935486
166.451614
249.677429
147.096771
253.548401
132.580643
253.548401
119.032265
251.612915
104.516129
245.806458
100.645164
234.193558
121.935486
231.290329
133.548386
232.258072
149.032257
232.258072
178.064514
240.000000
147.096771
232.258072
132.580643
232.258072
120.000000
231.290329
