22.258064
111.290329
20.322580
141.290329
21.290323
172.258072
24.193548
205.161301
31.935484
239.032272
45.483871
268.064514
65.806450
295.161285
91.935486
315.483887
126.774200
324.193573
165.483871
322.258087
198.387100
307.741943
227.419357
287.419373
251.612915
261.290344
268.064514
231.290329
277.741943
197.419357
284.516144
162.580643
288.387115
127.741936
35.806454
60.967743
50.322582
45.483871
73.548386
42.580647
95.806458
48.387096
118.064522
58.064518
160.645172
60.967743
186.774200
50.322582
216.774200
48.387096
244.838715
60.967743
260.322601
87.096779
136.451614
90.000000
133.548386
109.354843
130.645172
127.741936
127.741936
148.064514
102.580650
180.000000
114.193550
181.935486
126.774200
183.870972
141.290329
183.870972
156.774200
183.870972
55.161293
93.870972
69.677422
84.193550
87.096779
84.193550
101.612907
97.741936
85.161293
99.677422
67.741936
99.677422
180.967743
104.516129
198.387100
93.870972
217.741943
94.838715
231.290329
106.451614
216.774200
111.290329
198.387100
109.354843
80.322586
232.258072
94.838715
216.774200
111.290329
207.096786
124.838715
212.903229
138.387100
209.032257
157.741943
221.612915
176.129044
241.935486
155.806458
249.677429
137.419357
252.580658
122.903229
252.580658
107.419357
250.645172
92.903229
243.870972
88.064522
231.290329
110.322586
227.419357
123.870972
229.354843
138.387100
230.322586
166.451614
238.064529
137.419357
231.290329
123.870972
230.322586
109.354843
228.387100
