32.903225
109.354843
30.967743
138.387100
30.000000
171.290329
30.967743
205.161301
38.709679
238.064529
55.161293
267.096771
78.387100
294.193542
104.516129
316.451630
140.322586
324.193573
178.064514
322.258087
209.032257
306.774200
238.064529
287.419373
261.290344
260.322601
275.806458
229.354843
285.483887
196.451614
291.290344
161.612915
295.161285
126.774200
52.258064
52.258064
69.677422
40.645161
92.903229
41.612904
113.225807
47.419357
133.548386
57.096775
177.096786
60.000000
202.258072
51.290325
230.322586
49.354839
256.451630
60.967743
270.000000
83.225807
152.903229
90.000000
150.967743
109.354843
149.032257
127.741936
147.096771
148.064514
119.032265
177.096786
130.645172
180.000000
144.193558
183.870972
158.709686
182.903229
173.225815
181.935486
69.677422
91.935486
84.193550
83.225807
102.580650
84.193550
116.129036
97.741936
100.645164
100.645164
82.258064
99.677422
194.516129
104.516129
211.935486
94.838715
230.322586
95.806458
242.903229
107.419357
230.322586
112.258064
211.935486
110.322586
95.806458
231.290329
112.258064
216.774200
128.709686
208.064529
142.258072
212.903229
155.806458
210.000000
174.193558
221.612915
189.677429
240.967743
171.290329
248.709686
154.838715
251.612915
139.354843
251.612915
124.838715
249.677429
109.354843
243.870972
103.548393
231.290329
127.741936
228.387100
141.290329
229.354843
155.806458
230.322586
180.967743
238.064529
154.838715
231.290329
140.322586
230.322586
126.774200
228.387100
