3.870968
104.516129
0.967742
136.451614
2.903226
170.322586
5.806452
205.161301
16.451612
241.935486
34.838711
271.935486
59.032261
297.096771
88.064522
318.387115
125.806458
327.096771
164.516129
325.161285
194.516129
306.774200
219.677429
285.483887
239.032272
257.419373
251.612915
224.516129
261.290344
191.612915
269.032257
158.709686
271.935486
125.806458
33.870968
58.064518
52.258064
43.548389
77.419357
41.612904
102.580650
48.387096
124.838715
60.000000
167.419357
64.838715
191.612915
56.129032
218.709686
54.193550
242.903229
65.806450
253.548401
90.000000
145.161301
92.903229
144.193558
112.258064
143.225815
131.612900
142.258072
151.935486
109.354843
180.000000
122.903229
183.870972
136.451614
187.741943
150.967743
186.774200
166.451614
185.806458
55.161293
91.935486
70.645164
84.193550
89.032257
85.161293
103.548393
98.709679
86.129036
99.677422
68.709679
98.709679
183.870972
107.419357
200.322586
98.709679
218.709686
99.677422
230.322586
111.290329
217.741943
115.161293
200.322586
112.258064
85.161293
232.258072
102.580650
218.709686
121.935486
210.000000
134.516129
216.774200
148.064514
212.903229
164.516129
225.483871
179.032257
243.870972
162.580643
251.612915
145.161301
254.516144
130.645172
254.516144
116.129036
251.612915
98.709679
245.806458
92.903229
232.258072
120.000000
230.322586
133.548386
233.225815
147.096771
233.225815
170.322586
241.935486
146.129044
233.225815
132.580643
232.258072
119.032265
229.354843
