9.677420
99.677422
6.774194
134.516129
6.774194
170.322586
10.645162
206.129044
21.290323
242.903229
41.612904
271.935486
68.709679
297.096771
98.709679
318.387115
137.419357
326.129028
175.161301
325.161285
204.193558
308.709686
227.419357
284.516144
244.838715
254.516144
255.483871
220.645172
264.193542
188.709686
270.967743
156.774200
272.903229
123.870972
47.419357
54.193550
67.741936
40.645161
93.870972
41.612904
119.032265
49.354839
141.290329
61.935486
180.000000
66.774193
204.193558
57.096775
231.290329
56.129032
255.483871
68.709679
264.193542
91.935486
159.677429
94.838715
159.677429
114.193550
158.709686
132.580643
158.709686
151.935486
122.903229
180.000000
137.419357
183.870972
151.935486
187.741943
165.483871
186.774200
179.032257
186.774200
68.709679
90.967743
85.161293
82.258064
103.548393
84.193550
117.096779
97.741936
100.645164
98.709679
82.258064
96.774193
194.516129
107.419357
210.967743
98.709679
229.354843
100.645164
240.000000
112.258064
227.419357
115.161293
210.967743
112.258064
97.741936
233.225815
117.096779
218.709686
136.451614
210.967743
150.000000
216.774200
163.548386
212.903229
180.000000
225.483871
192.580658
243.870972
177.096786
252.580658
160.645172
255.483871
147.096771
254.516144
131.612900
252.580658
113.225807
245.806458
105.483871
233.225815
135.483871
231.290329
149.032257
233.225815
162.580643
234.193558
183.870972
241.935486
161.612915
234.193558
148.064514
233.225815
133.548386
231.290329
