11.612904
100.645164
9.677420
135.483871
10.645162
172.258072
14.516129
210.000000
28.064516
245.806458
52.258064
274.838715
83.225807
299.032257
116.129036
318.387115
154.838715
326.129028
191.612915
323.225830
217.741943
304.838715
238.064529
280.645172
254.516144
250.645172
265.161285
218.709686
272.903229
185.806458
277.741943
153.870972
278.709686
123.870972
56.129032
59.032261
76.451614
41.612904
105.483871
39.677422
132.580643
47.419357
156.774200
60.967743
195.483871
65.806450
216.774200
57.096775
241.935486
56.129032
263.225800
67.741936
270.967743
90.000000
175.161301
92.903229
176.129044
112.258064
177.096786
130.645172
178.064514
150.000000
142.258072
178.064514
155.806458
181.935486
170.322586
186.774200
182.903229
185.806458
195.483871
184.838715
83.225807
87.096779
98.709679
77.419357
118.064522
79.354843
130.645172
94.838715
116.129036
95.806458
96.774193
93.870972
207.096786
105.483871
222.580658
93.870972
240.000000
95.806458
249.677429
109.354843
240.000000
112.258064
223.548401
110.322586
113.225807
231.290329
135.483871
217.741943
156.774200
210.000000
167.419357
215.806458
180.000000
212.903229
195.483871
225.483871
207.096786
243.870972
192.580658
250.645172
178.064514
254.516144
164.516129
253.548401
150.967743
250.645172
132.580643
243.870972
121.935486
231.290329
154.838715
230.322586
166.451614
232.258072
179.032257
233.225815
200.322586
240.967743
178.064514
233.225815
165.483871
232.258072
153.870972
230.322586
