-17.419355
102.580650
-19.354839
139.354843
-19.354839
178.064514
-14.516129
215.806458
0.000000
251.612915
24.193548
280.645172
57.096775
303.870972
91.935486
321.290344
132.580643
328.064514
168.387100
325.161285
193.548386
308.709686
211.935486
283.548401
225.483871
251.612915
235.161301
220.645172
243.870972
190.645172
247.741943
159.677429
247.741943
130.645172
39.677422
54.193550
61.935486
39.677422
90.000000
39.677422
115.161293
47.419357
139.354843
60.967743
179.032257
66.774193
198.387100
60.000000
220.645172
58.064518
240.000000
67.741936
247.741943
88.064522
157.741943
95.806458
159.677429
114.193550
161.612915
132.580643
164.516129
151.935486
125.806458
181.935486
139.354843
183.870972
153.870972
187.741943
165.483871
186.774200
178.064514
185.806458
63.870968
88.064522
80.322586
80.322586
98.709679
82.258064
111.290329
96.774193
95.806458
95.806458
77.419357
93.870972
185.806458
107.419357
202.258072
98.709679
218.709686
100.645164
227.419357
113.225807
216.774200
114.193550
201.290329
111.290329
95.806458
233.225815
120.967743
219.677429
141.290329
211.935486
153.870972
217.741943
165.483871
214.838715
179.032257
224.516129
186.774200
243.870972
175.161301
251.612915
161.612915
254.516144
149.032257
254.516144
134.516129
251.612915
116.129036
246.774200
105.483871
233.225815
139.354843
230.322586
152.903229
232.258072
164.516129
233.225815
179.032257
240.967743
162.580643
234.193558
150.967743
233.225815
137.419357
232.258072
