-17.419355
101.612907
-17.419355
138.387100
-15.483871
176.129044
-9.677420
213.870972
3.870968
251.612915
28.064516
282.580658
63.870968
305.806458
102.580650
324.193573
144.193558
330.967743
178.064514
326.129028
203.225815
307.741943
220.645172
281.612915
231.290329
250.645172
237.096786
220.645172
243.870972
189.677429
246.774200
160.645172
244.838715
132.580643
41.612904
60.967743
63.870968
43.548389
93.870972
39.677422
121.935486
47.419357
148.064514
61.935486
185.806458
68.709679
206.129044
60.967743
228.387100
60.000000
246.774200
69.677422
252.580658
91.935486
166.451614
96.774193
169.354843
116.129036
172.258072
133.548386
176.129044
152.903229
133.548386
181.935486
149.032257
185.806458
164.516129
189.677429
177.096786
188.709686
188.709686
185.806458
70.645164
89.032257
88.064522
80.322586
106.451614
81.290321
120.967743
95.806458
104.516129
95.806458
86.129036
94.838715
187.741943
106.451614
205.161301
96.774193
221.612915
98.709679
231.290329
112.258064
219.677429
114.193550
203.225815
110.322586
106.451614
235.161301
129.677429
221.612915
150.967743
212.903229
162.580643
218.709686
175.161301
215.806458
188.709686
227.419357
196.451614
245.806458
184.838715
252.580658
172.258072
255.483871
159.677429
255.483871
145.161301
253.548401
125.806458
246.774200
116.129036
235.161301
148.064514
232.258072
161.612915
233.225815
173.225815
235.161301
189.677429
243.870972
173.225815
235.161301
161.612915
234.193558
148.064514
233.225815
