-6.774194
101.612907
-9.677420
138.387100
-10.645162
178.064514
-5.806452
216.774200
9.677420
251.612915
34.838711
280.645172
68.709679
303.870972
106.451614
323.225830
147.096771
329.032257
181.935486
326.129028
205.161301
309.677429
221.612915
282.580658
232.258072
250.645172
240.000000
220.645172
247.741943
189.677429
249.677429
160.645172
248.709686
132.580643
58.064518
50.322582
81.290321
39.677422
108.387100
40.645161
132.580643
49.354839
154.838715
61.935486
194.516129
68.709679
212.903229
61.935486
232.258072
60.967743
248.709686
69.677422
251.612915
89.032257
173.225815
100.645164
175.161301
119.032265
179.032257
135.483871
181.935486
154.838715
141.290329
183.870972
155.806458
187.741943
170.322586
191.612915
181.935486
190.645172
192.580658
188.709686
79.354843
89.032257
95.806458
81.290321
113.225807
82.258064
125.806458
97.741936
111.290329
96.774193
92.903229
94.838715
193.548386
107.419357
210.000000
97.741936
225.483871
99.677422
234.193558
113.225807
223.548401
113.225807
209.032257
110.322586
113.225807
237.096786
137.419357
222.580658
157.741943
213.870972
171.290329
219.677429
182.903229
216.774200
196.451614
228.387100
203.225815
247.741943
192.580658
254.516144
180.000000
256.451630
166.451614
256.451630
151.935486
253.548401
132.580643
247.741943
122.903229
237.096786
156.774200
233.225815
169.354843
235.161301
180.967743
236.129044
196.451614
244.838715
180.000000
236.129044
168.387100
235.161301
154.838715
233.225815
