-10.645162
97.741936
-11.612904
134.516129
-10.645162
173.225815
-5.806452
211.935486
8.709678
249.677429
34.838711
278.709686
71.612907
302.903229
109.354843
323.225830
150.967743
330.967743
185.806458
326.129028
207.096786
305.806458
222.580658
277.741943
234.193558
246.774200
240.967743
214.838715
246.774200
183.870972
248.709686
155.806458
246.774200
127.741936
57.096775
61.935486
79.354843
46.451614
109.354843
43.548389
136.451614
51.290325
161.612915
65.806450
194.516129
71.612907
213.870972
65.806450
234.193558
64.838715
251.612915
74.516129
254.516144
94.838715
178.064514
100.645164
180.967743
119.032265
184.838715
137.419357
188.709686
156.774200
146.129044
185.806458
161.612915
188.709686
176.129044
192.580658
187.741943
191.612915
198.387100
189.677429
85.161293
90.000000
101.612907
83.225807
119.032265
84.193550
131.612900
98.709679
117.096779
98.709679
99.677422
95.806458
193.548386
108.387100
210.000000
99.677422
225.483871
102.580650
233.225815
115.161293
223.548401
115.161293
209.032257
113.225807
117.096779
237.096786
141.290329
223.548401
162.580643
214.838715
174.193558
221.612915
184.838715
218.709686
198.387100
230.322586
204.193558
248.709686
194.516129
254.516144
181.935486
257.419373
169.354843
256.451630
156.774200
253.548401
138.387100
247.741943
126.774200
237.096786
160.645172
234.193558
172.258072
236.129044
182.903229
238.064529
197.419357
245.806458
182.903229
238.064529
171.290329
237.096786
159.677429
234.193558
