26.612904
107.258064
29.032257
133.870972
33.870968
160.483871
39.516129
187.903229
51.612904
216.935486
72.580643
240.322586
99.193550
259.677429
132.258057
275.000000
167.741928
278.225800
200.000000
272.580658
223.387100
257.258057
242.741928
237.903229
253.225800
211.290314
254.838715
180.645157
256.451599
151.612900
258.064514
122.580643
258.064514
94.354836
50.806450
65.322578
66.935486
48.387096
91.129028
42.741936
115.322578
44.354839
138.709671
53.225807
166.935486
50.000000
188.709671
37.903225
213.709671
32.258064
237.096771
39.516129
251.612900
58.870968
154.838715
75.000000
157.258057
92.741936
159.677414
109.677422
162.096771
128.225800
133.870972
155.645157
146.774185
157.258057
160.483871
158.064514
172.580643
156.451614
184.677414
154.032257
75.806450
89.516129
88.709679
81.451614
104.032257
79.032257
117.741936
86.290321
104.838707
89.516129
89.516129
91.129028
188.709671
83.064514
204.032257
75.000000
220.161285
75.000000
231.451614
82.258064
220.161285
85.483871
204.838715
85.483871
116.129028
204.838715
132.258057
189.516129
148.387100
179.838715
160.483871
183.870972
172.580643
179.838715
189.516129
188.709671
205.645157
202.419357
190.322586
212.096771
175.000000
215.322586
161.290314
216.129028
148.387100
215.322586
132.258057
212.903229
122.580643
203.225800
148.387100
197.580643
160.483871
198.387100
173.387100
197.580643
199.193542
201.612900
173.387100
197.580643
160.483871
198.387100
148.387100
197.580643
