-7.741936
94.838715
-9.677420
130.645172
-10.645162
168.387100
-7.741936
204.193558
5.806452
240.000000
31.935484
270.000000
64.838715
293.225830
102.580650
312.580658
142.258072
318.387115
177.096786
315.483887
199.354843
299.032257
214.838715
273.870972
225.483871
244.838715
233.225815
213.870972
240.000000
183.870972
241.935486
155.806458
240.967743
130.645172
60.000000
46.451614
84.193550
36.774193
110.322586
37.741936
132.580643
46.451614
153.870972
60.000000
190.645172
65.806450
207.096786
60.000000
226.451614
59.032261
240.967743
67.741936
244.838715
85.161293
170.322586
95.806458
172.258072
114.193550
175.161301
131.612900
178.064514
150.000000
137.419357
175.161301
151.935486
179.032257
166.451614
183.870972
178.064514
182.903229
187.741943
180.967743
82.258064
83.225807
98.709679
76.451614
115.161293
78.387100
124.838715
92.903229
112.258064
91.935486
95.806458
89.032257
188.709686
103.548393
203.225815
93.870972
218.709686
96.774193
225.483871
109.354843
215.806458
109.354843
202.258072
107.419357
110.322586
226.451614
132.580643
212.903229
152.903229
205.161301
165.483871
210.967743
177.096786
209.032257
189.677429
220.645172
194.516129
238.064529
184.838715
243.870972
173.225815
246.774200
159.677429
245.806458
146.129044
242.903229
128.709686
238.064529
119.032265
226.451614
150.967743
224.516129
163.548386
226.451614
175.161301
227.419357
187.741943
236.129044
173.225815
227.419357
162.580643
226.451614
149.032257
224.516129
