13.548388
101.612907
11.612904
134.516129
10.645162
170.322586
13.548388
205.161301
25.161291
239.032272
50.322582
267.096771
83.225807
288.387115
119.032265
305.806458
157.741943
311.612915
189.677429
309.677429
211.935486
293.225830
227.419357
269.032257
236.129044
240.000000
243.870972
210.967743
251.612915
183.870972
254.516144
157.741943
254.516144
132.580643
72.580650
50.322582
96.774193
42.580647
121.935486
44.516129
145.161301
52.258064
164.516129
64.838715
199.354843
69.677422
217.741943
62.903229
237.096786
62.903229
252.580658
71.612907
257.419373
88.064522
180.967743
95.806458
182.903229
113.225807
185.806458
129.677429
187.741943
146.129044
150.000000
173.225815
163.548386
177.096786
176.129044
180.967743
187.741943
180.967743
198.387100
179.032257
93.870972
88.064522
110.322586
79.354843
127.741936
81.290321
138.387100
95.806458
124.838715
95.806458
108.387100
93.870972
198.387100
105.483871
214.838715
94.838715
231.290329
97.741936
239.032272
111.290329
229.354843
112.258064
213.870972
109.354843
125.806458
223.548401
147.096771
209.032257
165.483871
201.290329
177.096786
206.129044
188.709686
204.193558
201.290329
215.806458
207.096786
234.193558
198.387100
239.032272
186.774200
241.935486
174.193558
240.967743
160.645172
239.032272
144.193558
234.193558
134.516129
222.580658
164.516129
219.677429
175.161301
220.645172
186.774200
222.580658
200.322586
231.290329
186.774200
222.580658
175.161301
222.580658
163.548386
220.645172
