4.838710
101.612907
3.870968
133.548386
2.903226
167.419357
5.806452
201.290329
18.387096
234.193558
39.677422
262.258087
71.612907
283.548401
108.387100
300.967743
146.129044
305.806458
178.064514
301.935486
201.290329
284.516144
215.806458
260.322601
225.483871
233.225815
232.258072
205.161301
237.096786
178.064514
240.000000
150.967743
238.064529
127.741936
62.903229
58.064518
84.193550
47.419357
109.354843
50.322582
131.612900
58.064518
150.967743
69.677422
181.935486
75.483871
199.354843
68.709679
217.741943
66.774193
232.258072
73.548386
238.064529
88.064522
165.483871
100.645164
167.419357
117.096779
170.322586
131.612900
172.258072
147.096771
136.451614
174.193558
149.032257
177.096786
162.580643
180.000000
173.225815
180.967743
182.903229
179.032257
83.225807
90.967743
97.741936
84.193550
113.225807
87.096779
123.870972
99.677422
111.290329
99.677422
95.806458
96.774193
186.774200
109.354843
202.258072
101.612907
216.774200
103.548393
224.516129
114.193550
214.838715
115.161293
201.290329
113.225807
111.290329
221.612915
131.612900
207.096786
150.967743
199.354843
161.612915
204.193558
173.225815
202.258072
185.806458
212.903229
193.548386
230.322586
182.903229
238.064529
170.322586
239.032272
158.709686
239.032272
145.161301
236.129044
127.741936
232.258072
119.032265
221.612915
149.032257
217.741943
160.645172
218.709686
172.258072
220.645172
186.774200
228.387100
170.322586
220.645172
159.677429
219.677429
147.096771
218.709686
