-22.093023
102.325577
-23.255814
141.860458
-22.093023
182.558136
-18.604650
223.255814
-4.651163
261.627899
22.093023
291.860474
58.139534
315.116272
97.674416
331.395355
140.697678
336.046509
179.069763
331.395355
205.813950
312.790680
224.418594
287.209290
236.046509
254.651154
241.860458
220.930222
250.000000
190.697678
254.651154
159.302322
254.651154
130.232559
40.697674
55.813953
62.790695
41.860466
90.697670
40.697674
117.441856
47.674419
141.860458
60.465115
180.232559
66.279068
202.325577
58.139534
225.581390
58.139534
246.511627
68.604652
253.488373
91.860466
159.302322
95.348839
160.465118
113.953484
162.790695
131.395340
165.116272
151.162781
126.744186
182.558136
140.697678
186.046509
155.813950
188.372086
168.604645
188.372086
181.395340
187.209305
65.116280
90.697670
81.395348
81.395348
98.837204
82.558136
112.790695
97.674416
97.674416
98.837204
79.069763
96.511627
188.372086
109.302322
204.651154
98.837204
220.930222
101.162788
230.232559
115.116280
219.767441
116.279068
203.488373
113.953484
98.837204
238.372086
123.255814
222.093018
143.023254
212.790695
155.813950
218.604645
168.604645
216.279068
182.558136
227.906967
191.860458
247.674408
180.232559
254.651154
166.279068
256.976746
153.488373
256.976746
138.372086
253.488373
119.767441
250.000000
108.139534
237.209305
141.860458
232.558136
154.651154
234.883713
167.441864
234.883713
186.046509
244.186035
167.441864
237.209305
154.651154
236.046509
140.697678
233.720932
