0.000000
116.279068
-1.162791
151.162781
-1.162791
188.372086
4.651163
224.418594
17.441860
260.465118
41.860466
290.697662
74.418602
313.953491
112.790695
333.720917
153.488373
339.534882
190.697678
334.883728
217.441864
317.441864
236.046509
291.860474
248.837204
260.465118
258.139526
229.069763
265.116272
197.674408
267.441864
167.441864
266.279053
138.372086
53.488373
68.604652
76.744186
53.488373
104.651161
52.325581
131.395340
59.302326
155.813950
73.255814
189.534882
77.906975
211.627899
68.604652
234.883713
67.441856
255.813950
76.744186
262.790680
97.674416
172.093018
104.651161
174.418594
123.255814
176.744186
140.697678
179.069763
160.465118
141.860458
189.534882
155.813950
193.023254
169.767441
196.511627
183.720932
195.348831
194.186050
194.186050
79.069763
101.162788
95.348839
91.860466
113.953484
93.023254
127.906975
106.976746
111.627907
109.302322
93.023254
108.139534
200.000000
116.279068
217.441864
106.976746
233.720932
108.139534
243.023254
120.930229
233.720932
124.418602
217.441864
122.093018
113.953484
241.860458
137.209305
226.744186
156.976746
218.604645
169.767441
224.418594
181.395340
220.930222
196.511627
231.395340
205.813950
250.000000
194.186050
258.139526
180.232559
260.465118
166.279068
260.465118
152.325577
258.139526
133.720932
254.651154
122.093018
241.860458
155.813950
237.209305
168.604645
238.372086
181.395340
239.534882
198.837204
247.674408
180.232559
240.697678
167.441864
240.697678
154.651154
238.372086
