16.279070
88.372093
15.116279
122.093018
17.441860
159.302322
20.930233
196.511627
31.395348
232.558136
53.488373
263.953491
86.046509
286.046509
123.255814
305.813934
163.953491
311.627899
200.000000
308.139526
226.744186
289.534882
248.837204
266.279053
262.790680
236.046509
270.930237
202.325577
276.744171
168.604645
279.069763
137.209305
279.069763
106.976746
65.116280
48.837208
86.046509
36.046513
111.627907
34.883720
134.883713
41.860466
156.976746
51.162788
197.674408
54.651161
218.604645
47.674419
240.697678
44.186047
260.465118
52.325581
268.604645
70.930229
177.906967
84.883720
179.069763
102.325577
181.395340
119.767441
183.720932
137.209305
148.837204
167.441864
162.790695
169.767441
176.744186
172.093018
188.372086
170.930237
200.000000
169.767441
88.372093
82.558136
104.651161
74.418602
122.093018
74.418602
134.883713
88.372093
119.767441
89.534882
102.325577
88.372093
208.139526
93.023254
223.255814
83.720932
239.534882
84.883720
251.162781
95.348839
240.697678
98.837204
224.418594
97.674416
127.906975
219.767441
146.511627
202.325577
166.279068
194.186050
176.744186
198.837204
189.534882
195.348831
204.651154
206.976746
215.116272
225.581390
202.325577
232.558136
188.372086
234.883713
174.418594
234.883713
161.627899
233.720932
144.186050
229.069763
136.046509
218.604645
165.116272
213.953491
175.581390
215.116272
189.534882
215.116272
208.139526
222.093018
188.372086
215.116272
175.581390
215.116272
163.953491
213.953491
