9.302325
116.279068
10.465117
145.348831
12.790697
176.744186
18.604650
209.302322
31.395348
244.186035
52.325581
270.930237
80.232559
291.860474
111.627907
308.139526
151.162781
312.790680
188.372086
308.139526
215.116272
290.697662
236.046509
267.441864
250.000000
238.372086
258.139526
205.813950
263.953491
174.418594
265.116272
144.186050
263.953491
115.116280
44.186047
66.279068
60.465115
50.000000
86.046509
47.674419
108.139534
53.488373
130.232559
63.953487
168.604645
63.953487
189.534882
53.488373
212.790695
52.325581
234.883713
61.627907
246.511627
82.558136
151.162781
90.697670
151.162781
109.302322
152.325577
125.581390
153.488373
144.186050
124.418602
174.418594
136.046509
175.581390
148.837204
177.906967
161.627899
176.744186
174.418594
176.744186
66.279068
95.348839
79.069763
86.046509
96.511627
86.046509
110.465111
98.837204
95.348839
101.162788
79.069763
101.162788
186.046509
102.325577
200.000000
93.023254
216.279068
93.023254
227.906967
104.651161
217.441864
109.302322
201.162781
106.976746
104.651161
225.581390
120.930229
210.465118
138.372086
200.000000
150.000000
204.651154
161.627899
201.162781
177.906967
212.790695
190.697678
229.069763
177.906967
237.209305
162.790695
240.697678
150.000000
240.697678
136.046509
239.534882
119.767441
236.046509
111.627907
224.418594
138.372086
219.767441
150.000000
220.930222
162.790695
220.930222
182.558136
226.744186
161.627899
220.930222
148.837204
220.930222
137.209305
220.930222
