-19.534885
103.255821
-18.139536
139.534882
-13.953489
175.813965
-6.976745
213.488373
5.581396
251.162796
26.511629
280.465118
55.813957
305.581421
92.093025
326.511627
133.953491
330.697693
177.209305
325.116302
207.906982
305.581421
235.813965
280.465118
256.744202
249.767456
267.906982
216.279083
274.883728
178.604660
279.069763
140.930237
279.069763
104.651169
8.372093
50.232559
25.116280
30.697676
53.023258
25.116280
79.534889
27.906979
107.441864
39.069771
154.883728
39.069771
180.000000
27.906979
209.302338
25.116280
237.209305
34.883720
253.953491
58.604652
132.558151
72.558144
132.558151
93.488373
133.953491
114.418610
133.953491
135.348846
103.255821
171.627914
117.209305
171.627914
132.558151
174.418610
147.906982
173.023270
161.860474
171.627914
36.279072
82.325584
51.627911
69.767441
72.558144
69.767441
89.302330
83.720932
71.162796
86.511635
50.232559
87.906982
177.209305
85.116280
195.348846
72.558144
214.883728
72.558144
228.837219
85.116280
214.883728
90.697678
195.348846
89.302330
80.930237
233.023270
99.069771
213.488373
118.604652
202.325592
133.953491
206.511642
146.511627
200.930237
166.046524
212.093033
184.186050
231.627914
167.441864
242.790710
149.302338
246.976761
135.348846
248.372101
117.209305
248.372101
99.069771
244.186050
90.697678
230.232574
118.604652
223.255829
133.953491
223.255829
147.906982
223.255829
174.418610
230.232574
147.906982
224.651169
133.953491
226.046524
118.604652
224.651169
