13.953489
114.418610
15.348838
146.511627
19.534885
181.395355
25.116280
217.674423
36.279072
255.348846
55.813957
286.046509
83.720932
311.162811
115.813957
330.697693
157.674423
333.488373
198.139542
327.906982
230.232574
308.372101
256.744202
283.255829
277.674438
252.558151
287.441864
217.674423
293.023254
181.395355
295.813965
146.511627
297.209320
110.232559
34.883720
61.395351
50.232559
41.860466
75.348839
37.674419
100.465118
41.860466
124.186050
51.627911
171.627914
50.232559
198.139542
37.674419
227.441864
33.488373
253.953491
44.651165
267.906982
68.372093
149.302338
82.325584
150.697678
103.255821
150.697678
124.186050
152.093033
145.116287
121.395355
178.604660
135.348846
180.000000
150.697678
182.790710
166.046524
180.000000
181.395355
177.209305
58.604652
93.488373
73.953491
82.325584
93.488373
80.930237
111.627914
94.883728
92.093025
99.069771
72.558144
99.069771
193.953491
94.883728
212.093033
82.325584
231.627914
82.325584
245.581406
93.488373
231.627914
99.069771
212.093033
99.069771
101.860466
238.604660
120.000008
220.465118
138.139542
207.906982
150.697678
213.488373
164.651169
207.906982
184.186050
219.069778
203.720932
237.209305
185.581406
246.976761
167.441864
251.162796
153.488373
252.558151
138.139542
251.162796
120.000008
248.372101
111.627914
237.209305
138.139542
230.232574
152.093033
230.232574
166.046524
228.837219
193.953491
235.813965
166.046524
230.232574
152.093033
230.232574
138.139542
230.232574
