24.418604
104.651161
26.744186
131.395340
31.395348
158.139526
36.046513
188.372086
45.348835
218.604645
62.790695
244.186035
87.209297
263.953491
115.116280
281.395355
150.000000
286.046509
183.720932
280.232544
210.465118
262.790680
232.558136
243.023254
248.837204
217.441864
256.976746
189.534882
261.627899
160.465118
263.953491
130.232559
263.953491
101.162788
45.348835
66.279068
59.302326
50.000000
80.232559
46.511627
101.162788
50.000000
122.093018
58.139534
159.302322
55.813953
180.232559
46.511627
203.488373
43.023254
225.581390
50.000000
238.372086
69.767441
143.023254
82.558136
143.023254
100.000000
144.186050
116.279068
144.186050
133.720932
120.930229
161.627899
131.395340
162.790695
143.023254
163.953491
154.651154
161.627899
166.279068
160.465118
66.279068
91.860466
79.069763
82.558136
94.186043
81.395348
106.976746
91.860466
94.186043
94.186043
79.069763
95.348839
179.069763
91.860466
193.023254
82.558136
208.139526
82.558136
219.767441
91.860466
209.302322
95.348839
193.023254
95.348839
105.813950
209.302322
118.604652
194.186050
131.395340
184.883713
144.186050
188.372086
154.651154
183.720932
170.930237
193.023254
186.046509
208.139526
172.093018
216.279068
158.139526
220.930222
145.348831
222.093018
132.558136
220.930222
117.441856
218.604645
112.790695
208.139526
131.395340
201.162781
144.186050
201.162781
155.813950
200.000000
179.069763
205.813950
156.976746
203.488373
144.186050
204.651154
132.558136
203.488373
