5.806452
122.903229
9.677420
156.774200
15.483871
191.612915
22.258064
225.483871
34.838711
260.322601
59.032261
286.451630
90.967743
307.741943
126.774200
324.193573
166.451614
328.064514
204.193558
321.290344
233.225815
302.903229
256.451630
278.709686
271.935486
245.806458
279.677429
210.967743
284.516144
176.129044
287.419373
142.258072
285.483887
107.419357
38.709679
70.645164
58.064518
52.258064
85.161293
47.419357
113.225807
50.322582
139.354843
59.032261
179.032257
57.096775
203.225815
45.483871
230.322586
39.677422
256.451630
47.419357
270.000000
68.709679
159.677429
89.032257
162.580643
109.354843
164.516129
129.677429
167.419357
150.967743
133.548386
183.870972
148.064514
185.806458
164.516129
187.741943
179.032257
184.838715
192.580658
182.903229
66.774193
103.548393
83.225807
93.870972
101.612907
91.935486
118.064522
101.612907
101.612907
106.451614
83.225807
107.419357
198.387100
99.677422
214.838715
89.032257
233.225815
89.032257
247.741943
97.741936
234.193558
102.580650
216.774200
102.580650
113.225807
241.935486
132.580643
224.516129
151.935486
213.870972
165.483871
218.709686
179.032257
213.870972
196.451614
223.548401
211.935486
239.032272
196.451614
249.677429
180.000000
254.516144
165.483871
256.451630
150.967743
255.483871
131.612900
251.612915
120.967743
240.000000
151.935486
233.225815
165.483871
233.225815
179.032257
232.258072
203.225815
238.064529
178.064514
233.225815
164.516129
235.161301
150.967743
235.161301
