5.581396
94.883728
8.372093
126.976746
15.348838
159.069778
22.325583
192.558151
32.093025
228.837219
51.627911
256.744202
79.534889
279.069763
111.627914
298.604675
150.697678
302.790710
191.162796
297.209320
221.860474
280.465118
246.976761
258.139557
266.511627
228.837219
276.279083
196.744186
281.860474
161.860474
284.651184
125.581398
286.046509
90.697678
27.906979
47.441864
46.046513
30.697676
69.767441
25.116280
94.883728
29.302326
120.000008
37.674419
163.255814
34.883720
188.372101
23.720932
214.883728
19.534885
240.000015
27.906979
256.744202
47.441864
142.325592
65.581398
142.325592
85.116280
142.325592
106.046516
143.720932
126.976746
115.813957
159.069778
128.372101
160.465118
143.720932
161.860474
157.674423
159.069778
171.627914
157.674423
53.023258
79.534889
68.372093
68.372093
87.906982
66.976746
103.255821
79.534889
86.511635
83.720932
66.976746
85.116280
184.186050
78.139542
200.930237
65.581398
220.465118
65.581398
233.023270
75.348839
220.465118
82.325584
202.325592
82.325584
97.674423
214.883728
114.418610
196.744186
131.162796
185.581406
145.116287
189.767456
159.069778
184.186050
177.209305
193.953491
195.348846
212.093033
178.604660
221.860474
163.255814
227.441864
147.906982
228.837219
132.558151
227.441864
114.418610
224.651169
107.441864
212.093033
131.162796
206.511642
145.116287
206.511642
160.465118
205.116287
186.976746
209.302338
160.465118
205.116287
146.511627
206.511642
131.162796
206.511642
