11.162791
93.488373
13.953489
126.976746
18.139536
159.069778
23.720932
193.953491
33.488373
230.232574
55.813957
259.534882
83.720932
281.860474
114.418610
301.395355
154.883728
305.581421
193.953491
298.604675
224.651169
279.069763
251.162796
255.348846
267.906982
224.651169
277.674438
191.162796
283.255829
157.674423
286.046509
124.186050
284.651184
89.302330
39.069771
47.441864
55.813957
32.093025
79.534889
30.697676
103.255821
36.279072
126.976746
44.651165
166.046524
43.255817
188.372101
32.093025
216.279083
26.511629
240.000015
33.488373
256.744202
53.023258
147.906982
72.558144
147.906982
92.093025
149.302338
111.627914
149.302338
131.162796
122.790703
163.255814
135.348846
163.255814
147.906982
164.651169
160.465118
163.255814
174.418610
161.860474
60.000004
83.720932
73.953491
72.558144
92.093025
71.162796
108.837212
82.325584
92.093025
87.906982
73.953491
87.906982
186.976746
82.325584
202.325592
72.558144
221.860474
72.558144
234.418610
82.325584
221.860474
87.906982
203.720932
86.511635
101.860466
216.279083
118.604652
199.534897
135.348846
188.372101
149.302338
192.558151
161.860474
188.372101
178.604660
198.139542
195.348846
213.488373
181.395355
226.046524
166.046524
230.232574
150.697678
231.627914
135.348846
230.232574
118.604652
226.046524
111.627914
214.883728
135.348846
207.906982
149.302338
207.906982
163.255814
207.906982
185.581406
213.488373
163.255814
209.302338
150.697678
210.697678
135.348846
209.302338
