15.348838
99.069771
16.744186
131.162796
22.325583
164.651169
29.302326
199.534897
40.465118
234.418610
62.790699
263.720947
90.697678
287.441864
124.186050
305.581421
161.860474
308.372101
200.930237
301.395355
228.837219
281.860474
253.953491
258.139557
269.302338
227.441864
277.674438
192.558151
283.255829
159.069778
284.651184
125.581398
284.651184
92.093025
44.651165
57.209305
62.790699
41.860466
85.116280
39.069771
108.837212
44.651165
129.767441
53.023258
171.627914
51.627911
193.953491
41.860466
219.069778
36.279072
242.790710
41.860466
259.534882
61.395351
153.488373
80.930237
154.883728
100.465118
156.279083
118.604652
157.674423
138.139542
128.372101
167.441864
142.325592
168.837219
154.883728
170.232559
167.441864
168.837219
181.395355
167.441864
66.976746
89.302330
80.930237
79.534889
99.069771
79.534889
114.418610
89.302330
99.069771
93.488373
80.930237
94.883728
192.558151
90.697678
207.906982
80.930237
226.046524
80.930237
238.604660
89.302330
227.441864
94.883728
209.302338
94.883728
110.232559
221.860474
125.581398
203.720932
142.325592
195.348846
154.883728
198.139542
167.441864
193.953491
184.186050
205.116287
202.325592
221.860474
185.581406
231.627914
170.232559
235.813965
156.279083
235.813965
140.930237
235.813965
124.186050
233.023270
117.209305
220.465118
142.325592
213.488373
154.883728
213.488373
168.837219
213.488373
192.558151
219.069778
168.837219
214.883728
154.883728
214.883728
142.325592
214.883728
