23.720932
104.651169
25.116280
136.744186
29.302326
168.837219
33.488373
202.325592
44.651165
235.813965
65.581398
263.720947
92.093025
287.441864
122.790703
306.976746
160.465118
312.558167
198.139542
306.976746
226.046524
287.441864
249.767456
265.116302
267.906982
237.209305
276.279083
205.116287
281.860474
171.627914
284.651184
138.139542
286.046509
106.046516
51.627911
64.186050
68.372093
48.837212
92.093025
46.046513
115.813957
51.627911
138.139542
61.395351
174.418610
60.000004
196.744186
50.232559
221.860474
46.046513
246.976761
54.418606
260.930237
73.953491
156.279083
89.302330
157.674423
107.441864
159.069778
125.581398
160.465118
143.720932
131.162796
173.023270
143.720932
175.813965
157.674423
177.209305
170.232559
174.418610
184.186050
173.023270
75.348839
96.279076
87.906982
86.511635
106.046516
85.116280
120.000008
96.279076
106.046516
100.465118
87.906982
100.465118
195.348846
97.674423
209.302338
87.906982
226.046524
89.302330
238.604660
97.674423
227.441864
101.860466
210.697678
101.860466
113.023262
226.046524
129.767441
210.697678
145.116287
199.534897
157.674423
205.116287
170.232559
199.534897
186.976746
209.302338
202.325592
224.651169
188.372101
234.418610
171.627914
238.604660
159.069778
240.000015
143.720932
238.604660
128.372101
235.813965
120.000008
224.651169
145.116287
219.069778
157.674423
219.069778
170.232559
219.069778
193.953491
224.651169
170.232559
219.069778
157.674423
220.465118
145.116287
219.069778
