23.720932
110.232559
25.116280
142.325592
29.302326
173.023270
34.883720
206.511642
46.046513
238.604660
68.372093
266.511627
94.883728
288.837219
125.581398
308.372101
161.860474
311.162811
198.139542
306.976746
226.046524
288.837219
251.162796
265.116302
267.906982
237.209305
276.279083
205.116287
281.860474
173.023270
283.255829
139.534882
283.255829
108.837212
54.418606
66.976746
71.162796
51.627911
93.488373
50.232559
117.209305
54.418606
138.139542
62.790699
177.209305
64.186050
198.139542
53.023258
223.255829
50.232559
246.976761
57.209305
262.325592
75.348839
157.674423
90.697678
159.069778
108.837212
160.465118
126.976746
161.860474
146.511627
132.558151
175.813965
145.116287
177.209305
159.069778
180.000000
171.627914
177.209305
185.581406
175.813965
78.139542
97.674423
90.697678
87.906982
107.441864
87.906982
121.395355
99.069771
107.441864
100.465118
90.697678
101.860466
196.744186
100.465118
212.093033
90.697678
228.837219
90.697678
240.000015
100.465118
230.232574
103.255821
213.488373
103.255821
113.023262
226.046524
131.162796
210.697678
147.906982
200.930237
159.069778
205.116287
171.627914
200.930237
188.372101
212.093033
205.116287
228.837219
188.372101
237.209305
173.023270
240.000015
160.465118
240.000015
146.511627
240.000015
131.162796
237.209305
121.395355
226.046524
147.906982
220.465118
159.069778
220.465118
171.627914
220.465118
196.744186
226.046524
171.627914
221.860474
159.069778
221.860474
146.511627
221.860474
