22.325583
101.860466
23.720932
133.953491
29.302326
166.046524
33.488373
200.930237
44.651165
235.813965
65.581398
262.325592
92.093025
287.441864
122.790703
306.976746
159.069778
311.162811
196.744186
306.976746
227.441864
288.837219
252.558151
266.511627
272.093048
238.604660
281.860474
206.511642
287.441864
173.023270
290.232574
139.534882
291.627930
107.441864
54.418606
58.604652
72.558144
44.651165
96.279076
44.651165
120.000008
48.837212
142.325592
58.604652
178.604660
58.604652
202.325592
47.441864
227.441864
43.255817
252.558151
51.627911
267.906982
72.558144
160.465118
86.511635
160.465118
106.046516
161.860474
124.186050
161.860474
143.720932
133.953491
173.023270
146.511627
174.418610
159.069778
177.209305
173.023270
174.418610
185.581406
173.023270
76.744186
90.697678
92.093025
80.930237
108.837212
80.930237
122.790703
94.883728
108.837212
96.279076
90.697678
96.279076
200.930237
96.279076
214.883728
85.116280
233.023270
85.116280
244.186050
96.279076
233.023270
99.069771
216.279083
99.069771
114.418610
223.255829
131.162796
207.906982
147.906982
198.139542
160.465118
202.325592
174.418610
198.139542
191.162796
209.302338
206.511642
224.651169
189.767456
234.418610
174.418610
238.604660
160.465118
240.000015
145.116287
238.604660
129.767441
234.418610
121.395355
223.255829
147.906982
217.674423
160.465118
217.674423
174.418610
217.674423
198.139542
223.255829
173.023270
219.069778
159.069778
220.465118
146.511627
219.069778
