-13.953489
93.488373
-11.162791
128.372101
-6.976745
161.860474
0.000000
198.139542
12.558140
233.023270
36.279072
260.930237
65.581398
284.651184
97.674423
304.186066
136.744186
308.372101
174.418610
304.186066
202.325592
287.441864
227.441864
263.720947
246.976761
234.418610
256.744202
200.930237
262.325592
164.651169
266.511627
129.767441
267.906982
94.883728
20.930233
50.232559
39.069771
33.488373
65.581398
30.697676
90.697678
36.279072
114.418610
46.046513
156.279083
46.046513
180.000000
34.883720
207.906982
30.697676
233.023270
40.465118
246.976761
62.790699
135.348846
75.348839
136.744186
96.279076
138.139542
115.813957
138.139542
136.744186
110.232559
166.046524
122.790703
167.441864
136.744186
170.232559
149.302338
167.441864
161.860474
166.046524
46.046513
80.930237
60.000004
68.372093
79.534889
68.372093
94.883728
83.720932
78.139542
86.511635
60.000004
86.511635
174.418610
85.116280
189.767456
72.558144
209.302338
72.558144
221.860474
83.720932
210.697678
89.302330
192.558151
89.302330
89.302330
219.069778
106.046516
202.325592
124.186050
192.558151
138.139542
196.744186
150.697678
192.558151
167.441864
203.720932
184.186050
221.860474
167.441864
230.232574
150.697678
235.813965
136.744186
235.813965
122.790703
234.418610
106.046516
230.232574
97.674423
217.674423
124.186050
212.093033
136.744186
213.488373
149.302338
213.488373
175.813965
219.069778
150.697678
214.883728
136.744186
214.883728
124.186050
213.488373
