-4.186047
78.139542
-2.790698
111.627914
0.000000
147.906982
5.581396
185.581406
19.534885
220.465118
41.860466
251.162796
71.162796
277.674438
106.046516
298.604675
149.302338
304.186066
189.767456
297.209320
219.069778
277.674438
244.186050
252.558151
262.325592
220.465118
272.093048
185.581406
277.674438
149.302338
280.465118
114.418610
280.465118
79.534889
29.302326
29.302326
50.232559
15.348838
75.348839
13.953489
100.465118
19.534885
124.186050
29.302326
168.837219
29.302326
192.558151
19.534885
217.674423
15.348838
242.790710
20.930233
259.534882
39.069771
147.906982
62.790699
149.302338
83.720932
150.697678
103.255821
150.697678
124.186050
121.395355
154.883728
133.953491
156.279083
149.302338
159.069778
163.255814
156.279083
177.209305
154.883728
55.813957
69.767441
69.767441
58.604652
90.697678
58.604652
106.046516
71.162796
89.302330
76.744186
69.767441
76.744186
188.372101
73.953491
203.720932
62.790699
223.255829
62.790699
237.209305
72.558144
223.255829
79.534889
205.116287
79.534889
96.279076
209.302338
117.209305
195.348846
135.348846
185.581406
149.302338
189.767456
163.255814
185.581406
180.000000
195.348846
196.744186
212.093033
180.000000
220.465118
164.651169
226.046524
149.302338
227.441864
133.953491
226.046524
115.813957
221.860474
106.046516
209.302338
135.348846
205.116287
149.302338
206.511642
163.255814
205.116287
186.976746
210.697678
163.255814
206.511642
149.302338
206.511642
135.348846
206.511642
