-22.325583
89.302330
-20.930233
126.976746
-18.139536
167.441864
-12.558140
207.906982
1.395349
248.372101
27.906979
280.465118
61.395351
306.976746
100.465118
329.302338
146.511627
336.279083
189.767456
329.302338
220.465118
305.581421
245.581406
276.279083
262.325592
241.395355
270.697693
202.325592
277.674438
163.255814
283.255829
126.976746
283.255829
89.302330
13.953489
34.883720
34.883720
16.744186
65.581398
13.953489
94.883728
20.930233
121.395355
33.488373
170.232559
33.488373
195.348846
22.325583
223.255829
18.139536
251.162796
27.906979
266.511627
50.232559
146.511627
68.372093
149.302338
90.697678
150.697678
113.023262
153.488373
138.139542
115.813957
171.627914
131.162796
173.023270
146.511627
175.813965
163.255814
174.418610
178.604660
171.627914
41.860466
73.953491
58.604652
62.790699
80.930237
62.790699
99.069771
78.139542
79.534889
82.325584
57.209305
80.930237
186.976746
80.930237
206.511642
68.372093
227.441864
68.372093
241.395355
80.930237
228.837219
87.906982
206.511642
86.511635
89.302330
233.023270
111.627914
216.279083
133.953491
205.116287
149.302338
210.697678
163.255814
205.116287
181.395355
217.674423
198.139542
235.813965
181.395355
245.581406
164.651169
252.558151
149.302338
252.558151
132.558151
251.162796
110.232559
245.581406
97.674423
233.023270
132.558151
227.441864
149.302338
228.837219
163.255814
227.441864
188.372101
233.023270
163.255814
228.837219
149.302338
228.837219
133.953491
227.441864
