-2.325581
96.511627
0.000000
133.720932
5.813953
172.093018
12.790697
209.302322
27.906977
244.186035
53.488373
274.418610
84.883720
298.837219
119.767441
319.767426
160.465118
325.581390
197.674408
319.767426
225.581390
297.674408
247.674408
270.930237
263.953491
238.372086
272.093018
203.488373
280.232544
168.604645
284.883728
133.720932
284.883728
100.000000
38.372093
53.488373
58.139534
34.883720
87.209297
31.395348
116.279068
37.209301
141.860458
50.000000
182.558136
52.325581
205.813950
40.697674
233.720932
36.046513
259.302307
45.348835
270.930237
69.767441
163.953491
82.558136
166.279068
103.488373
168.604645
123.255814
169.767441
144.186050
134.883713
175.581390
148.837204
177.906967
163.953491
181.395340
179.069763
180.232559
191.860458
177.906967
67.441856
84.883720
84.883720
74.418602
104.651161
75.581390
118.604652
89.534882
103.488373
91.860466
83.720932
91.860466
200.000000
94.186043
217.441864
82.558136
236.046509
82.558136
247.674408
94.186043
236.046509
100.000000
218.604645
98.837204
111.627907
230.232559
131.395340
215.116272
151.162781
205.813950
163.953491
210.465118
177.906967
206.976746
195.348831
218.604645
210.465118
234.883713
195.348831
245.348831
177.906967
250.000000
162.790695
250.000000
147.674423
247.674408
130.232559
241.860458
119.767441
230.232559
150.000000
225.581390
163.953491
226.744186
177.906967
227.906967
202.325577
233.720932
177.906967
229.069763
162.790695
229.069763
148.837204
226.744186
