12.580646
111.290329
14.516129
145.161301
18.387096
180.967743
25.161291
214.838715
39.677422
250.645172
63.870968
278.709686
94.838715
300.967743
129.677429
319.354858
169.354843
323.225830
207.096786
316.451630
234.193558
297.096771
257.419373
272.903229
271.935486
241.935486
279.677429
207.096786
285.483887
173.225815
288.387115
139.354843
288.387115
106.451614
48.387096
64.838715
68.709679
47.419357
95.806458
43.548389
122.903229
48.387096
148.064514
58.064518
183.870972
56.129032
208.064529
45.483871
234.193558
40.645161
259.354858
48.387096
271.935486
69.677422
168.387100
88.064522
170.322586
108.387100
171.290329
126.774200
173.225815
148.064514
139.354843
180.000000
153.870972
181.935486
169.354843
184.838715
183.870972
182.903229
197.419357
180.000000
74.516129
96.774193
90.967743
88.064522
109.354843
87.096779
124.838715
98.709679
109.354843
102.580650
90.967743
102.580650
204.193558
97.741936
220.645172
87.096779
238.064529
87.096779
250.645172
96.774193
239.032272
102.580650
221.612915
102.580650
119.032265
236.129044
138.387100
220.645172
157.741943
209.032257
170.322586
213.870972
183.870972
210.000000
201.290329
220.645172
214.838715
236.129044
200.322586
244.838715
185.806458
249.677429
169.354843
250.645172
155.806458
250.645172
137.419357
246.774200
126.774200
235.161301
156.774200
228.387100
170.322586
229.354843
184.838715
228.387100
207.096786
234.193558
183.870972
230.322586
169.354843
231.290329
155.806458
230.322586
