-0.970874
79.611656
-0.970874
114.563110
1.941748
148.543686
8.737864
184.466019
23.300972
218.446609
46.601944
246.601944
75.728157
270.873779
109.708740
290.291260
146.601944
296.116516
181.553406
291.262146
204.854370
271.844666
223.300980
247.572815
237.864090
217.475739
246.601944
186.407776
253.398071
153.398056
256.310699
121.359230
254.368942
90.291267
42.718449
38.834953
63.106796
25.242720
89.320389
24.271845
114.563110
31.067963
136.893204
42.718449
176.699036
45.631069
197.087387
35.922333
218.446609
33.009708
238.834961
38.834953
248.543701
57.281555
156.310684
73.786407
157.281555
93.203888
159.223312
110.679611
161.165054
131.067963
127.184471
159.223312
140.776703
162.135925
155.339813
166.019424
168.932037
164.077667
180.582535
161.165054
66.019417
73.786407
81.553398
65.048546
100.000000
66.019417
113.592239
76.699028
98.058258
80.582527
79.611656
80.582527
186.407776
82.524277
202.912628
74.757286
219.417480
75.728157
230.097092
85.436897
219.417480
90.291267
202.912628
88.349518
103.883499
209.708740
124.271851
196.116516
142.718445
188.349518
155.339813
193.203888
167.961166
189.320389
182.524277
198.058258
193.203888
213.592239
181.553406
222.330109
168.932037
226.213593
155.339813
228.155350
140.776703
226.213593
123.300972
221.359222
112.621361
209.708740
141.747574
206.796127
154.368942
207.766998
167.961166
207.766998
185.436905
211.650497
167.961166
206.796127
155.339813
208.737869
141.747574
206.796127
