0.967742
104.516129
2.903226
143.225815
5.806452
182.903229
13.548388
219.677429
30.000000
256.451630
55.161293
285.483887
89.032257
308.709686
124.838715
329.032257
164.516129
334.838715
197.419357
330.000000
221.612915
310.645172
240.967743
285.483887
254.516144
253.548401
264.193542
219.677429
270.967743
184.838715
273.870972
150.967743
272.903229
118.064522
50.322582
61.935486
73.548386
46.451614
101.612907
44.516129
128.709686
51.290325
152.903229
62.903229
196.451614
65.806450
217.741943
57.096775
241.935486
54.193550
262.258087
63.870968
270.000000
84.193550
175.161301
97.741936
177.096786
117.096779
180.000000
136.451614
183.870972
156.774200
144.193558
187.741943
159.677429
190.645172
175.161301
193.548386
187.741943
192.580658
200.322586
190.645172
78.387100
95.806458
95.806458
88.064522
114.193550
89.032257
127.741936
101.612907
112.258064
103.548393
93.870972
102.580650
204.193558
108.387100
221.612915
98.709679
238.064529
99.677422
249.677429
110.322586
239.032272
114.193550
221.612915
112.258064
120.000000
242.903229
143.225815
226.451614
162.580643
218.709686
175.161301
224.516129
187.741943
220.645172
203.225815
232.258072
214.838715
248.709686
201.290329
258.387115
187.741943
261.290344
173.225815
262.258087
158.709686
260.322601
140.322586
254.516144
129.677429
241.935486
161.612915
239.032272
173.225815
240.000000
186.774200
240.967743
207.096786
246.774200
186.774200
240.000000
173.225815
240.000000
160.645172
239.032272
