1.452785
129.297821
2.905569
159.079910
5.084746
189.588379
10.895884
219.370453
22.518160
249.152542
43.583534
272.397095
69.733658
291.283295
98.789345
307.990326
129.297821
311.622284
155.447937
307.990326
172.154968
292.009674
185.956421
273.123474
196.125916
248.426147
202.663437
223.002426
207.748184
196.125916
210.653748
169.975784
209.927368
144.552063
46.489105
94.430992
64.648911
85.714287
85.714287
85.714287
105.326874
92.251816
122.760292
102.421310
154.721542
103.874092
169.975784
98.062958
186.682816
94.430992
201.210648
98.789345
207.748184
112.590797
138.014526
129.297821
140.193710
145.278458
143.099274
159.806290
145.278458
175.786926
114.769974
199.031479
127.118645
201.210648
138.740921
204.842621
148.910416
203.389832
159.079910
200.484268
64.648911
126.392250
76.997581
119.854721
90.799034
120.581116
102.421310
130.024216
89.346245
132.203384
75.544792
131.477005
159.806290
135.108963
172.881363
127.845039
185.956421
128.571426
194.673126
136.561737
185.230026
140.193710
172.881363
139.467316
93.704597
240.435837
111.864410
230.266342
128.571426
223.002426
138.740921
227.360779
147.457626
224.455200
159.079910
232.445526
167.070221
245.520584
156.900726
252.058105
147.457626
255.690079
136.561737
256.416473
124.939468
254.963684
110.411621
250.605331
100.968521
240.435837
127.118645
238.256653
138.014526
239.709442
147.457626
240.435837
161.259079
244.067795
146.731232
239.709442
137.288132
239.709442
126.392250
238.983047
