5.084746
130.750610
5.811138
160.532684
7.990315
190.314774
13.075061
218.644073
26.150122
248.426147
46.489105
271.670715
72.639229
291.283295
100.242134
307.990326
130.750610
312.348663
156.900726
307.263916
175.786926
291.283295
189.588379
271.670715
200.484268
246.246979
207.748184
219.370453
214.285721
193.220337
217.191284
167.796616
215.738495
143.099274
49.394672
95.157387
69.007263
87.167068
90.799034
88.619858
111.138016
95.157387
129.297821
105.326874
156.900726
108.232445
172.154968
100.242134
188.861984
96.610168
204.116226
98.789345
211.380142
110.411621
143.099274
132.203384
144.552063
147.457626
147.457626
161.259079
149.636810
176.513321
119.128326
200.484268
131.477005
203.389832
143.825668
206.295395
153.268768
204.842621
161.985474
202.663437
68.280869
129.297821
80.629539
123.486687
95.157387
123.486687
106.053268
133.656174
93.704597
135.835358
79.903145
135.108963
164.891037
138.740921
177.239716
131.477005
190.314774
132.203384
198.305084
140.193710
190.314774
144.552063
177.966095
143.099274
97.336563
242.615005
116.222763
231.719131
132.203384
224.455200
142.372879
228.813553
152.542374
225.907990
161.985474
233.898300
169.975784
246.246979
160.532684
254.237289
151.089584
257.869263
139.467316
258.595642
128.571426
257.142853
113.317192
252.784500
105.326874
243.341400
130.750610
240.435837
141.646484
241.888626
151.815979
241.888626
164.164642
245.520584
151.089584
241.888626
140.193710
241.888626
130.024216
240.435837
