-12.621360
76.699028
-10.679612
114.563110
-5.825243
153.398056
2.912621
191.262146
21.359224
227.184479
47.572819
258.252441
81.553398
283.495148
119.417480
304.854370
160.194183
309.708740
196.116516
303.883514
219.417480
280.582520
236.893204
252.427185
249.514572
218.446609
258.252441
184.466019
265.048553
150.485443
266.990295
118.446602
266.019440
86.407768
36.893204
34.951458
61.165051
17.475729
92.233009
14.563107
122.330101
21.359224
149.514572
33.980583
184.466019
36.893204
207.766998
27.184467
233.009720
23.300972
256.310699
32.038837
266.990295
53.398060
166.990295
66.990295
170.873795
89.320389
174.757294
109.708740
179.611649
133.009720
137.864075
161.165054
154.368942
164.077667
170.873795
167.961166
183.495148
166.019424
195.145630
163.106796
66.990295
67.961166
84.466019
60.194176
103.883499
60.194176
119.417480
71.844666
102.912621
75.728157
83.495148
74.757286
196.116516
77.669907
213.592239
67.961166
232.038849
68.932037
243.689331
78.640778
231.067963
83.495148
213.592239
82.524277
111.650490
217.475739
136.893204
202.912628
157.281555
193.203888
170.873795
199.029129
182.524277
195.145630
198.058258
204.854370
208.737869
220.388351
197.087387
229.126221
183.495148
235.922333
169.902924
236.893204
154.368942
234.951462
134.951462
230.097092
122.330101
216.504868
155.339813
211.650497
169.902924
212.621368
182.524277
212.621368
200.970886
218.446609
182.524277
215.533981
169.902924
215.533981
155.339813
214.563110
