28.225805
83.870964
29.032257
115.322578
30.645161
146.774185
36.290321
178.225800
48.387096
208.870972
70.161293
234.677414
100.000000
255.645157
132.258057
275.000000
167.741928
279.032257
198.387100
273.387085
218.548386
254.838715
233.064514
232.258057
244.354843
205.645157
250.806442
176.612900
254.032257
146.774185
255.645157
119.354836
254.838715
93.548386
70.161293
49.193546
89.516129
36.290321
112.903221
33.064514
135.483871
37.903225
155.645157
46.774193
194.354843
50.000000
211.290314
42.741936
229.032257
41.129032
245.967743
45.967743
253.225800
60.483871
175.000000
78.225807
178.225800
95.161293
182.258057
110.483871
186.290314
127.419357
152.419357
153.225800
165.322586
155.645157
179.032257
158.064514
189.516129
157.258057
199.193542
154.838715
92.741936
77.419357
107.258064
69.354836
123.387093
69.354836
136.290329
79.838707
123.387093
83.870964
106.451614
83.870964
197.580643
83.064514
212.096771
75.000000
228.225800
75.000000
237.903229
84.677422
228.225800
88.709679
213.709671
87.903229
131.451614
200.806458
150.806458
187.096771
167.741928
179.032257
179.032257
183.870972
190.322586
180.645157
204.032257
190.322586
212.096771
204.032257
201.612900
212.096771
189.516129
215.322586
176.612900
216.129028
162.903229
215.322586
148.387100
211.290314
139.516129
200.000000
166.129028
196.774185
178.225800
197.580643
189.516129
197.580643
205.645157
203.225800
187.903229
198.387100
176.612900
198.387100
164.516129
197.580643
