-22.258064
112.258064
-21.290323
149.032257
-18.387096
188.709686
-8.709678
227.419357
9.677420
264.193542
36.774193
293.225830
71.612907
316.451630
108.387100
335.806458
148.064514
340.645172
181.935486
334.838715
204.193558
313.548401
221.612915
285.483887
235.161301
253.548401
244.838715
219.677429
253.548401
185.806458
256.451630
151.935486
253.548401
120.967743
34.838711
62.903229
56.129032
46.451614
83.225807
45.483871
110.322586
51.290325
135.483871
63.870968
176.129044
65.806450
196.451614
56.129032
218.709686
52.258064
239.032272
60.000000
247.741943
78.387100
155.806458
96.774193
159.677429
118.064522
163.548386
137.419357
166.451614
158.709686
127.741936
190.645172
143.225815
192.580658
158.709686
195.483871
172.258072
193.548386
184.838715
189.677429
59.032261
97.741936
75.483871
88.064522
94.838715
88.064522
109.354843
101.612907
92.903229
104.516129
73.548386
104.516129
184.838715
105.483871
201.290329
94.838715
218.709686
94.838715
229.354843
106.451614
218.709686
111.290329
201.290329
110.322586
102.580650
244.838715
124.838715
230.322586
147.096771
220.645172
159.677429
225.483871
171.290329
221.612915
186.774200
231.290329
197.419357
248.709686
185.806458
258.387115
173.225815
263.225800
159.677429
264.193542
144.193558
262.258087
123.870972
256.451630
112.258064
244.838715
146.129044
240.967743
159.677429
241.935486
171.290329
241.935486
189.677429
246.774200
171.290329
242.903229
159.677429
242.903229
145.161301
242.903229
