10.645162
109.354843
12.580646
144.193558
17.419355
180.967743
26.129032
216.774200
41.612904
251.612915
65.806450
279.677429
97.741936
300.967743
133.548386
317.419373
173.225815
320.322601
210.000000
314.516144
236.129044
293.225830
257.419373
267.096771
270.000000
234.193558
276.774200
199.354843
282.580658
166.451614
284.516144
133.548386
283.548401
102.580650
45.483871
66.774193
65.806450
46.451614
93.870972
41.612904
122.903229
46.451614
148.064514
58.064518
180.000000
59.032261
203.225815
46.451614
231.290329
41.612904
256.451630
50.322582
269.032257
72.580650
166.451614
89.032257
169.354843
108.387100
171.290329
127.741936
174.193558
149.032257
139.354843
180.000000
154.838715
182.903229
169.354843
184.838715
183.870972
182.903229
197.419357
180.967743
72.580650
95.806458
89.032257
88.064522
107.419357
87.096779
123.870972
97.741936
107.419357
101.612907
89.032257
101.612907
201.290329
97.741936
217.741943
88.064522
235.161301
88.064522
247.741943
97.741936
236.129044
102.580650
219.677429
102.580650
118.064522
235.161301
137.419357
218.709686
155.806458
209.032257
169.354843
212.903229
181.935486
209.032257
199.354843
220.645172
213.870972
235.161301
199.354843
246.774200
183.870972
250.645172
169.354843
250.645172
154.838715
249.677429
137.419357
245.806458
125.806458
234.193558
155.806458
228.387100
168.387100
229.354843
181.935486
228.387100
205.161301
234.193558
181.935486
229.354843
168.387100
230.322586
155.806458
230.322586
