-8.709678
108.387100
-5.806452
144.193558
0.000000
180.000000
7.741936
216.774200
24.193548
251.612915
49.354839
279.677429
80.322586
301.935486
116.129036
319.354858
154.838715
322.258087
190.645172
315.483887
214.838715
294.193542
236.129044
269.032257
250.645172
239.032272
258.387115
205.161301
263.225800
171.290329
264.193542
137.419357
263.225800
105.483871
28.064516
64.838715
47.419357
46.451614
73.548386
41.612904
99.677422
45.483871
124.838715
55.161293
166.451614
55.161293
188.709686
45.483871
213.870972
40.645161
237.096786
49.354839
248.709686
71.612907
148.064514
88.064522
150.000000
107.419357
152.903229
126.774200
154.838715
147.096771
121.935486
178.064514
136.451614
180.000000
151.935486
182.903229
165.483871
180.967743
178.064514
178.064514
57.096775
94.838715
72.580650
85.161293
90.000000
84.193550
105.483871
95.806458
90.000000
99.677422
71.612907
99.677422
183.870972
96.774193
199.354843
87.096779
215.806458
87.096779
227.419357
95.806458
216.774200
101.612907
200.322586
100.645164
100.645164
235.161301
120.000000
218.709686
138.387100
208.064529
151.935486
211.935486
164.516129
208.064529
181.935486
216.774200
197.419357
232.258072
182.903229
242.903229
168.387100
248.709686
153.870972
249.677429
139.354843
248.709686
120.000000
244.838715
109.354843
233.225815
138.387100
226.451614
152.903229
227.419357
165.483871
226.451614
188.709686
231.290329
166.451614
228.387100
152.903229
229.354843
139.354843
228.387100
