-10.645162
103.548393
-8.709678
138.387100
-3.870968
175.161301
4.838710
210.967743
21.290323
245.806458
46.451614
274.838715
77.419357
298.064514
113.225807
315.483887
153.870972
319.354858
189.677429
312.580658
212.903229
289.354858
232.258072
263.225800
245.806458
233.225815
253.548401
200.322586
257.419373
167.419357
257.419373
134.516129
255.483871
103.548393
29.032259
59.032261
49.354839
43.548389
75.483871
39.677422
101.612907
44.516129
125.806458
53.225807
167.419357
54.193550
188.709686
44.516129
212.903229
41.612904
235.161301
48.387096
246.774200
67.741936
148.064514
87.096779
150.000000
107.419357
152.903229
125.806458
155.806458
146.129044
121.935486
178.064514
136.451614
180.000000
151.935486
182.903229
165.483871
180.000000
178.064514
177.096786
56.129032
92.903229
71.612907
84.193550
90.000000
83.225807
104.516129
94.838715
89.032257
98.709679
70.645164
98.709679
181.935486
96.774193
197.419357
87.096779
215.806458
87.096779
226.451614
96.774193
215.806458
102.580650
198.387100
101.612907
102.580650
233.225815
121.935486
217.741943
141.290329
207.096786
152.903229
211.935486
165.483871
208.064529
181.935486
217.741943
194.516129
233.225815
182.903229
242.903229
167.419357
248.709686
153.870972
249.677429
140.322586
247.741943
120.967743
242.903229
111.290329
232.258072
140.322586
226.451614
152.903229
227.419357
165.483871
226.451614
185.806458
231.290329
166.451614
228.387100
153.870972
228.387100
140.322586
227.419357
